Year	Author	Temperature	Pressure	Molar Density	Enthalpy	Entropy	Gibbs Energy	Volume
1970.	Leming	114.914	67362.407042	211887.16166173157	380760.139166724	-137.78098763825525	396593.10358018643	4.719493112076585e-6
1970.	Leming	114.855	66966.707346	211641.40486913585	378944.0959628551	-137.32364325001254	394716.40300833527	4.724973360568692e-6
1970.	Leming	114.457	64321.598866	209968.020218657	366751.5169416108	-134.22836923463473	382114.89339909935	4.762630037462932e-6
1970.	Leming	114.01	61448.243122	208086.9271686608	353397.82592690043	-130.7939009096527	368309.63856960996	4.805683920688922e-6
1970.	Leming	113.608	58925.65756000001	206376.53056361628	341576.3272584547	-127.70920540337033	356085.1146659208	4.845512216282493e-6
1970.	Leming	113.141	56158.826094	204432.6262784107	328497.6564411589	-124.25891307556995	342556.434125442	4.891587112118444e-6
1970.	Leming	113.072	55688.466078000005	204093.88288932174	326263.4097304506	-123.65358575099968	340245.1679784876	4.89970588948171e-6
1970.	Leming	112.649	53347.065114000005	202377.14314700497	315080.369261111	-120.66425092059794	328673.07646306546	4.941269475642359e-6
1970.	Leming	112.494	52415.277656000006	201676.1533766743	310605.78737264505	-119.44187548624646	324042.28171359486	4.95844443310202e-6
1970.	Leming	112.179	50768.217668	200414.45204216038	302655.726063586	-117.28462796809212	315812.5983444186	4.989660125855764e-6
1970.	Leming	111.939	49366.203516	199312.37544551192	295852.98236073623	-115.39220488788281	308769.8703836809	5.017249921209134e-6
1970.	Leming	111.65	47985.387562	198205.06105694393	289112.7524539478	-113.54138491945953	301789.6480802054	5.045279846374366e-6
1970.	Leming	111.433	46831.885618	197258.57051522649	283456.53557212953	-111.95078708983294	295931.5476299108	5.069488222428386e-6
1970.	Leming	111.169	45583.991698	196214.8633534886	277305.37190449686	-110.22794202325807	289559.3019912804	5.096453871582917e-6
1970.	Leming	110.772	43606.826438000004	194511.41772962772	267496.35654826596	-107.4231544704556	279395.8342152672	5.1410863777159205e-6
1970.	Leming	110.512	42434.392770000006	193472.9590487545	261638.42764843564	-105.74438609935137	273324.45124504715	5.168680961498105e-6
1970.	Leming	110.305	41437.410854	192570.54160426895	256634.56113463157	-104.28406636788465	268137.6150753411	5.192902256332605e-6
1970.	Leming	109.982	40042.996056	191280.3782125495	249595.15146606605	-102.23307617007542	260838.9496494033	5.227927764178753e-6
1970.	Leming	109.6	38281.279148	189595.46750585997	240637.8793296675	-99.56060470996053	251549.7216058792	5.274387690565927e-6
1970.	Leming	109.476	37857.315188	189182.56450432292	238468.21805316256	-98.93138140901618	249298.82996429602	5.28589937777881e-6
1970.	Leming	108.828	35171.01021	186466.38732937028	224624.65604052023	-94.7365551277822	234934.64586196654	5.362896843352369e-6
1970.	Leming	108.746	34897.433466	186181.37433683992	223202.6774578896	-94.31089291383212	233458.6098186972	5.371106554358101e-6
1970.	Leming	108.341	33287.970282	184461.87889975976	214800.75266006263	-91.7074756563311	224736.4322801452	5.421174315064956e-6
1970.	Leming	108.029	32166.332296	183224.89925933626	208898.4440133025	-89.87107344773172	218607.1262067875	5.45777350154032e-6
1970.	Leming	107.926	31813.028996	182828.2703726034	207031.04602716345	-89.28818942397876	216667.56315893578	5.469613632300975e-6
1970.	Leming	107.799	27915.760292	178131.90810494887	186239.07068434556	-81.8880010439509	195066.5153088824	5.6138173707252724e-6
1970.	Leming	107.317	29629.881246	180292.5837908726	195406.5631210743	-85.57826836678737	204590.5661473928	5.546539846364027e-6
1970.	Leming	107.279	29465.895186	180095.5371199747	194527.68464763032	-85.28773385889241	203677.26744827844	5.552608443227705e-6
1970.	Leming	106.799	27915.760292	178194.94978161046	186164.87929423293	-82.57945363883007	194984.28236340635	5.611831318595534e-6
1970.	Leming	106.138	25840.203396	175511.2858782797	174829.55021642044	-78.82231641097107	183195.5932356481	5.69763929992239e-6
1970.	Leming	105.588	24187.810528	173247.0851481406	165682.7515786165	-75.71787093357418	173677.65013475073	5.772102884991786e-6
1970.	Leming	105.304	23407.210218	172134.66924086935	161320.1297291812	-74.22377329226009	169136.18995194937	5.809404952587979e-6
1970.	Leming	104.978	22487.021774	170782.99669383804	156143.254527132	-72.41804217321825	163745.5557583921	5.855383845926394e-6
1970.	Leming	104.54	21338.852710000003	169033.35839658286	149626.29153380106	-70.12291150736382	156956.94070278088	5.9159920236206805e-6
1970.	Leming	104.37	20877.958556	168308.85098483186	146992.5847120953	-69.17722039042278	154212.6112042437	5.941458183266434e-6
1970.	Leming	103.886	19654.729206	166322.42611139215	139947.49309920828	-66.6270131668555	146869.10698906024	6.012418309304025e-6
1970.	Leming	102.776	17134.676762	161894.36038034977	125162.43822928226	-61.129659033541245	131445.10006611346	6.176867419288911e-6
1970.	Leming	102.463	16471.799778	160642.34916498998	121207.32115553567	-59.61712713445125	127315.87085311295	6.225008568400204e-6
1970.	Leming	102.226	15973.708786000001	159674.1083390949	118216.0382282413	-58.45750948196526	124191.91559254468	6.262756124971316e-6
1970.	Leming	101.834	15193.508442	158107.68694296814	113494.4673432555	-56.609092264666266	119259.19764493553	6.32480317266747e-6
1970.	Leming	101.224	14033.473720000002	155653.26710403548	106389.00436267778	-53.768040824154944	111831.62052706204	6.424535884181733e-6
1970.	Leming	100.749	13192.745187999999	153769.91017009615	101170.11927655371	-51.63834300953391	106372.63069642123	6.503222892527067e-6
1970.	Leming	100.213	12283.62247	151619.99291136727	95456.21435219694	-49.253457827095964	100392.0511214237	6.595436266670791e-6
1970.	Leming	99.378	10980.533242000001	148301.66318779532	87124.64883363074	-45.67761446781776	91663.99880421354	6.743012711419789e-6
1970.	Leming	98.506	9748.771284	144857.02164264352	79076.8790841261	-42.095733668479305	83223.56142487332	6.903358833836581e-6
1970.	Leming	97.418	8374.354786	140568.16799361949	69867.94533544713	-37.81388678349841	73551.69855812198	7.113986148310554e-6
1970.	Leming	96.734	7597.887458	137885.91289742163	64541.90396549006	-35.23440148410953	67950.26855865392	7.252372479442019e-6
1970.	Leming	95.974	6810.354404000001	134927.96141707664	59034.99361843855	-32.47589778771829	62151.83543271702	7.411362252104988e-6
1970.	Leming	94.889	5804.706558000001	130717.25365906187	51826.26110067151	-28.696699035322105	54549.26217543419	7.65009952403231e-6
1970.	Leming	94.238	5261.686052	128191.1538080966	47838.861459258485	-26.50897323582051	50337.01407905574	7.80085029499781e-6
1970.	Leming	90.45	2888.154486	113752.01173733729	29346.600069055352	-15.063377253629831	30709.082541646174	8.791053316130197e-6
1970.	Leming	90.25	2795.09573	113010.8500930093	28574.884017663608	-14.520672881236466	29885.3747451952	8.848707882269604e-6
1970.	Leming	90.029	2693.3710440000004	112177.1931534282	27726.175110162258	-13.913360666362646	28978.78105759422	8.914468011623977e-6
1970.	Leming	89.66	2533.517966	110815.0010579327	26380.542050535933	-12.93364068892562	27540.172274705008	9.024049004675931e-6
1970.	Leming	89.644	2526.851866	110756.72468533154	26324.09802967693	-12.892068726171626	27479.79463856586	9.028797148354447e-6
1970.	Leming	89.114	2309.670328	108785.61337518848	24470.642976555602	-11.494917239079374	25495.001031398922	9.1923919806484e-6
1970.	Leming	88.189	1969.565906	105376.00595178783	21504.399390796054	-9.136402171292351	22310.129561880152	9.48982636955822e-6
1970.	Leming	87.877	1865.84139	104242.2387733452	20582.401471670513	-8.368232210961313	21317.776613673163	9.593040323839443e-6
1970.	Leming	87.366	1703.9884820000002	102366.8424780612	19125.937414395572	-7.111004791315263	19747.19745899362	9.768788171954366e-6
1970.	Leming	87.328	1694.389298	102251.81104361247	19038.613120476028	-7.03657993950868	19653.103573433444	9.779777881620892e-6
1970.	Leming	86.882	1564.2670260000002	100629.8612452168	17849.223080368076	-5.965832003942813	18367.546496534633	9.937408117488909e-6
1970.	Leming	86.468	1456.276206	99201.2664936784	16848.73305706064	-5.039672620485732	17284.503469208797	0.000010080516462597027
1970.	Leming	86.027	1339.086168	97547.38257335122	15750.054903493312	-3.9671390316336534	16091.335972967661	0.000010251428317392783
1970.	Leming	85.316	1175.90004	95043.02110434728	14191.83204423947	-2.3781359816838004	14394.725093652807	0.00001052155106582844
1970.	Leming	84.635	1033.7787879999998	92622.34052613945	12806.199229159907	-0.8631425987539063	12879.251303005445	0.00001079653131544203
1970.	Leming	84.138	941.91993	90913.16238422335	11894.129617221666	0.18958117421667167	11878.178636385424	0.000010999507373571853
1970.	Leming	83.879	897.657026	90041.97772547262	11449.566271777117	0.720948065669277	11389.093868976845	0.000011105931091927835
1970.	Leming	83.215	785.666546	87667.91867192887	10310.453304243363	2.1696508643401002	10129.905807567304	0.000011406681202757907
1970.	Leming	82.761	718.205614	86105.13756649556	9612.134006323362	3.110065837792736	9354.741847521796	0.00001161370887106173
1970.	Leming	81.896	606.4817780000001	83239.7833248524	8432.986678750474	4.810021657126792	8039.065145118418	0.000012013486340989021
1970.	Leming	80.746	480.49248800000004	79446.47555267805	7065.769542058806	7.033259372223813	6497.861980789221	0.000012587090780848254
1970.	Leming	80.156	424.097282	77481.2702189303	6439.1187902064985	8.17651662124222	5783.721923914207	0.000012906344942131306
1970.	Leming	79.054	336.63805	73973.51812824306	5445.045427624212	10.189179233638999	4639.550052488114	0.00001351835123302322
1970.	Leming	78.199	281.30942	71352.81582800225	4800.526014447199	11.672974214491148	3887.711103848206	0.000014014863862002658
1970.	Leming	77.853	261.577764	70316.2080008655	4567.4076027850215	12.255165083586661	3613.3062355325496	0.000014221472238487196
1970.	Leming	76.773	207.182388	67076.60221330065	3915.9204719979252	14.064352818085682	2836.1579130950336	0.000014908328194979882
1970.	Leming	75.278	151.05382600000002	62882.29766537205	3227.293355201865	16.35564785714332	1996.0728958118295	0.00001590272679477294
1970.	Leming	74.027	112.123802	59042.01293309466	2745.5650746560723	18.447603885107732	1379.9443018532022	0.000016937091916787828
1970.	Leming	72.279	69.727406	53002.98537622823	2229.1399788301	21.70010936823982	660.6777738030943	0.000018866861798477086
1970.	Leming	71.057	51.862258000000004	49281.37286086349	2017.1927380961974	23.61003207900773	339.5346886581452	0.00002029164249996258
1970.	Leming	70.342	39.32999	45552.53119126452	1893.3986087307826	25.59168113360091	93.22857443102735	0.000021952676917144993
1970.	Leming	68.663	24.797892	39202.3066642808	1773.8639809059894	28.782230835767994	-202.41033497034817	0.000025508703060862245
1970.	Leming	68.07	18.665080000000003	34674.40000836152	1771.0606383622285	31.16364301676578	-350.2485417890181	0.000028839720363116772
1970.	Leming	67.589	17.465182000000002	33778.12733305849	1762.6674735387885	31.556698083691145	-370.21819323981293	0.000029604956785786785
1970.	Leming	66.822	12.265624	27304.398733495807	1828.3358512684374	35.05486305904558	-514.1002080631064	0.00003662413553803128
1970.	Leming	66.59	11.719003800000001	26503.485281071447	1835.838031401225	35.47189245077128	-526.2352868956345	0.00003773088668886092
1935.	Keesom	115.94	73193.778	215371.28012446157	407314.3196206464	-144.19763889879883	424032.5938745732	4.643144617156507e-6
1935.	Keesom	115.32	69692.74228	213307.90362811487	391421.08665933734	-140.3885941755864	407610.699339666	4.688058824784192e-6
1935.	Keesom	115.29	69618.08196000001	213263.96633912466	391078.7590381482	-140.32163785531017	407256.440666487	4.6890246728781e-6
1935.	Keesom	113.84	60389.53312	207376.20139486287	348447.6283427011	-129.50957825196932	363190.9987309053	4.822154100970874e-6
1935.	Keesom	112.28	51243.64392	200781.40929708545	304956.3634212729	-117.9030593572	318194.5189258993	4.980540795589066e-6
1935.	Keesom	111.73	48323.892120000004	198478.33828520536	290769.26517982344	-113.99048614020165	303505.4221962682	5.038333193635672e-6
1935.	Keesom	111.51	47230.65172	197587.76970778804	285414.9912109921	-112.50157842081988	297960.0422206977	5.061041994040912e-6
1935.	Keesom	110.54	42708.36948	193719.68024962497	263007.12399109505	-106.16509191277295	274742.6132511329	5.1620981343321e-6
1935.	Keesom	106.8	27906.96104	178183.68195503106	186117.4435128274	-82.56123540961023	194934.98345457375	5.612186194762628e-6
1935.	Keesom	106.52	27049.700580000004	177095.89051512527	181454.4666629495	-81.03477814462178	190086.29123091465	5.646658412520265e-6
1935.	Keesom	102.85	17414.51964	162414.83574632448	126820.01148119968	-61.79300307268591	133175.42184722543	6.157073000165445e-6
1935.	Keesom	98.04	9140.55632	143024.05268553883	75033.71797252959	-40.24252963253051	78979.09557770287	6.991830962856711e-6
1935.	Keesom	93.14	4452.9547999999995	124006.7913131582	41754.33089767002	-23.017514672501083	43898.18221426677	8.064074470523707e-6
1935.	Keesom	90.21	2761.09862	112732.1217767081	28293.092480082705	-14.305556694019547	29583.59674945021	8.870586166919932e-6
1935.	Keesom	90.16	2751.7660800000003	112658.5083321559	28214.18489539238	-14.262261864378344	29500.07042508473	8.87638239494222e-6
1935.	Keesom	90.06	2687.7715200000002	112126.78153894044	27680.89446927711	-13.861748929471007	28929.28357786527	8.918475909813844e-6
1935.	Keesom	86.95	1587.8650200000002	100933.35183095449	18065.62381573509	-6.17003536035862	18602.10839031827	9.90752790687882e-6
1935.	Keesom	86.	1339.8861	97562.181741939	15756.622215288722	-3.9861187468057606	16099.428427514018	0.000010249873282304126
1935.	Keesom	82.91	731.9377800000001	86425.79981388508	9756.680276364163	2.9333524396867103	9513.476025589738	0.000011570618983607498
1935.	Keesom	78.66	313.3067	72923.26398074786	5173.348834097023	10.771792095029785	4326.0396679019805	0.000013713044992939503
1958.	Fisher	80.	422.63074	77448.68214169833	6418.594855516755	8.15663278233709	5766.064232929789	0.000012911775544100583
1958.	Fisher	79.	339.97110000000004	74136.62467548436	5480.53307617442	10.06871383977611	4685.104682832109	0.000013488609771179425
1958.	Fisher	78.	271.97688	70877.12658511993	4689.379788948403	11.93013297014825	3758.829417276839	0.000014108924108245971
1958.	Fisher	77.	215.98164	67638.37254034047	4023.283010691646	13.761696927674432	2963.632347260716	0.000014784507113969753
1958.	Fisher	76.	171.98538000000002	64557.53201949029	3489.10801133867	15.474926494902192	2313.013597726104	0.000015490059311717405
1958.	Fisher	75.	135.98844	61475.254489977866	3046.188697700224	17.169513754369305	1758.4751661225266	0.000016266707772035773
1958.	Fisher	74.	107.32421000000001	58444.917056433136	2690.581380430332	18.80859574417961	1298.745295361041	0.00001711012779835793
1958.	Fisher	73.	84.65947	55459.32744688735	2409.4520749774397	20.394021265429462	920.6885226010888	0.000018031232004349252
1958.	Fisher	72.	66.394356	52415.47325336346	2186.4703269356355	21.985152111909127	603.5393748781783	0.00001907833580298411
1961.	Beaumont	115.758	73160.4475	215362.13514451584	407144.4874602504	-144.3277267519528	423851.5764536029	4.643341780248248e-6
1961.	Beaumont	115.661	72265.85687999999	214838.90330176443	403103.6739752081	-143.3068732384041	419678.69024083513	4.654650459630173e-6
1961.	Beaumont	115.626	71981.88102	214671.96349237702	401818.5395159204	-142.9853034314088	418351.3582104804	4.658270151963789e-6
1961.	Beaumont	115.112	68459.51378000001	212560.5092666934	385788.45221661794	-139.00908564213162	401790.06608305493	4.704542736794677e-6
1961.	Beaumont	113.447	57764.42294	205567.80330256367	336105.04855028156	-126.24240551421966	350426.8707286532	4.864575015807103e-6
1961.	Beaumont	113.228	56435.202600000004	204627.8619237012	329813.3778506412	-124.57302661259563	343918.5325079322	4.886920044020526e-6
1961.	Beaumont	110.836	43844.27292	194718.27777756145	268680.13490706944	-107.75080859233186	280622.80352820916	5.135624715941463e-6
1961.	Beaumont	110.495	42237.74282	193294.89018681133	260655.2725957526	-105.43911483593992	272305.76758954977	5.173442500386546e-6
1961.	Beaumont	108.125	32485.23852	183579.6814876595	210581.0075347827	-90.39171386810169	220354.61159677117	5.4472259233504635e-6
1961.	Beaumont	107.651	30750.7193	181611.4490714505	201395.4326199808	-87.48704064654582	210813.50003262208	5.506260784288852e-6
1961.	Beaumont	104.906	22320.769239999998	170534.81483019632	155202.90053021553	-72.09571455533236	162766.17356135722	5.863905273510941e-6
1961.	Beaumont	104.691	21699.488719999998	169590.1962014543	151680.9760636068	-70.84288903763544	159097.5889598459	5.896567268617999e-6
1961.	Beaumont	101.984	15524.01368	158780.23692769278	115498.94475766072	-57.40840161055774	121353.68318751187	6.298013023216434e-6
1961.	Beaumont	98.959	10455.11124	146876.8165266186	83710.57053627424	-44.20674542697978	88085.22585698274	6.808426432763602e-6
1961.	Beaumont	95.931	6767.42472	134758.84815908087	58731.52745911182	-32.3206056980457	61832.07548433104	7.420663011452239e-6
1961.	Beaumont	92.603	4166.3125	122383.8859206968	39545.939918336146	-21.744416503515062	41559.53811981115	8.171010362001312e-6
1961.	Beaumont	89.273	2385.13058	109489.44876167049	25116.914444166756	-12.001060879287895	26188.285152043423	9.133300160974735e-6
1961.	Beaumont	89.266	2374.4648199999997	109389.7011651616	25026.337883344575	-11.923975203424577	26090.743453853476	9.141628410613847e-6
1961.	Beaumont	86.319	1426.5454	98796.18103349935	16570.122338796944	-4.788461040956449	16983.457507391264	0.000010121848734830394
1961.	Beaumont	83.282	809.26454	88199.35319064342	10549.990210174543	1.8234338325495456	10398.130993732153	0.000011337951626906992
1972.	Lee	115.77	72916.068274	215217.50112848068	406045.76873191114	-144.0133062105103	422718.1891919019	4.6464622754030555e-6
1972.	Lee	115.77	72914.601732	215216.63614652999	406039.16522652574	-144.0114858737537	422711.3749461302	4.646480950102534e-6
1972.	Lee	115.77	72912.86854600001	215215.61387725727	406031.36105089256	-144.00933454590623	422703.3217112721	4.646503020781403e-6
1972.	Lee	115.77	72908.86888600001	215213.25472040375	406013.3512787609	-144.00436985729493	422684.73717713985	4.646553955513377e-6
1972.	Lee	115.77	72908.068954	215212.78287665566	406009.74930155266	-144.0033769051912	422681.0202458666	4.646564142861009e-6
1972.	Lee	115.77	72903.002718	215209.79443709986	405986.9366028746	-143.99708809720232	422657.4794918877	4.64662866583553e-6
1972.	Lee	115.77	72895.536686	215205.39011921312	405953.3173337578	-143.98782002962758	422622.78725858784	4.646723762104888e-6
1972.	Lee	115.77	72890.603772	215202.4799262216	405931.1042393677	-143.98169625581102	422599.8652149029	4.646786599963125e-6
1972.	Lee	115.76	72874.73845399999	215193.69400446647	405858.57097140537	-143.9714083100975	422524.70119738224	4.6469763188285825e-6
1972.	Lee	115.76	72872.738624	215192.5139477036	405849.5652176192	-143.96892529052184	422515.40800925	4.647001801572992e-6
1972.	Lee	115.76	72869.538896	215190.62580319773	405835.15591277974	-143.9649523968308	422500.53880223684	4.647042575704708e-6
1972.	Lee	115.76	72869.538896	215190.62580319773	405835.15591277974	-143.9649523968308	422500.53880223684	4.647042575704708e-6
1972.	Lee	115.76	72864.605982	215187.71478428756	405812.9413296117	-143.95882736865153	422477.6151858068	4.647105440022161e-6
1972.	Lee	115.76	72858.339848	215184.0167770217	405784.7223883353	-143.95104666433332	422448.4955501985	4.647185302039517e-6
1972.	Lee	115.76	72852.873646	215180.7906487783	405760.1054842362	-143.9442590009326	422423.09290618415	4.647254975618232e-6
1972.	Lee	115.76	72839.67476800001	215172.99993397007	405700.6632037717	-143.92786835314118	422361.7532443313	4.647423237612846e-6
1972.	Lee	115.76	72832.60870200001	215168.82868484207	405668.8397181572	-143.91909302475784	422328.91392670316	4.647513332261992e-6
1972.	Lee	115.76	72823.27616200001	215163.31899354755	405626.8077901618	-143.90750239420868	422285.5402673154	4.647632341226288e-6
1972.	Lee	115.76	72815.010198	215158.43851128744	405589.57864669414	-143.8972358612767	422247.12266999553	4.647737764408152e-6
1972.	Lee	115.75	72799.678168	215149.9598416846	405519.433714733	-143.8875971682029	422174.42308695253	4.6479209233217495e-6
1972.	Lee	115.75	72788.345798	215143.267020572	405468.3904524433	-143.87351927104626	422121.75030806684	4.648065513964608e-6
1972.	Lee	115.75	72785.546036	215141.61337212962	405455.7795288824	-143.87004105375803	422108.73678085493	4.6481012405085195e-6
1972.	Lee	115.75	72764.61448199999	215129.24877481986	405361.4949085342	-143.8440353730429	422011.442002964	4.6483683910722905e-6
1972.	Lee	115.74	72739.68326800001	215115.09287277047	405248.09895872494	-143.82245923442593	421894.1103905174	4.648674282429121e-6
1972.	Lee	115.74	72725.55113600001	215106.74092102543	405184.4347841752	-143.804895908279	421828.41343659937	4.648854776555521e-6
1972.	Lee	115.74	72717.951782	215102.24924234935	405150.1992923961	-143.79545085721156	421793.0847746098	4.648951852071661e-6
1972.	Lee	115.74	72715.018698	215100.51551191905	405136.98540994053	-143.79180528272525	421779.4489533632	4.648989323061796e-6
1972.	Lee	115.74	72687.02107799999	215083.96346098743	405010.84774012514	-143.75700335956105	421649.2833089608	4.649347091752765e-6
1972.	Lee	115.74	72675.82203	215077.341217809	404960.3900583156	-143.74308093855475	421597.21424614394	4.649490245405717e-6
1972.	Lee	115.73	72646.624512	215060.6473757621	404827.7448825668	-143.71617751414402	421460.01810627873	4.649851156882096e-6
1972.	Lee	115.73	72637.425294	215055.20532775606	404786.2932461312	-143.70473796321843	421417.24257061444	4.6499688230096295e-6
1972.	Lee	115.73	72633.55895600001	215052.91792623498	404768.8712427975	-143.69992984572247	421399.264123843	4.650018282211864e-6
1972.	Lee	115.73	72621.82662	215045.97625166478	404716.00338322314	-143.68533900656286	421344.7076664527	4.650168384595657e-6
1972.	Lee	115.72	72568.097854	215014.7502862323	404472.7843744226	-143.62790163465186	421093.40515158453	4.650843714995266e-6
1972.	Lee	115.72	72557.032128	215008.19834530726	404422.9118503539	-143.6141337270122	421041.9394052437	4.650985440071364e-6
1972.	Lee	115.72	72548.099554	215002.90884818273	404382.6522407926	-143.60301919978662	421000.3936225919	4.651099863519137e-6
1972.	Lee	115.72	72526.36806800001	214990.03820218335	404284.7032429335	-143.57597686459644	420899.31528570456	4.651378307396591e-6
1972.	Lee	115.71	72513.035868	214982.7158001131	404223.5221043334	-143.56877794199343	420835.86540000146	4.651536735305648e-6
1972.	Lee	115.71	72471.30608200001	214957.98877007913	404035.4138196288	-143.5168333318864	420641.7466044614	4.65207181050437e-6
1972.	Lee	115.71	72467.1731	214955.53914951818	404016.78215412	-143.51168794168564	420622.5195658524	4.652124825238501e-6
1972.	Lee	115.7	72409.044708	214921.6499047923	403753.6288908952	-143.44869508003532	420350.6429116553	4.652858380916896e-6
1972.	Lee	115.7	72378.78061399999	214903.69749552445	403617.16996166314	-143.41099849146	420209.82248712506	4.653247066727765e-6
1972.	Lee	115.69	72361.18211	214893.83078898478	403536.7283703273	-143.39846142712656	420126.49637283164	4.6534607174551744e-6
1972.	Lee	115.69	72329.451474	214874.99837262384	403393.6386526952	-143.3589245563987	419978.832634625	4.653868563460592e-6
1972.	Lee	115.68	72273.322912	214842.24482631608	403139.411203351	-143.29835136701487	419716.16448948724	4.654578064050789e-6
1972.	Lee	115.67	72203.595506	214801.38766492406	402823.8007328184	-143.2207888487538	419390.1493789537	4.655463406781774e-6
1972.	Lee	115.67	72186.796934	214791.4010521492	402748.0173459142	-143.199836412538	419311.9424237525	4.655679860094633e-6
1972.	Lee	115.67	72155.33294200001	214772.69098277966	402606.06474188255	-143.16058639168756	419165.449769809	4.656085442819075e-6
1972.	Lee	115.66	72099.737668	214740.19084597065	402354.1283139901	-143.10058981928515	418905.1425324886	4.656790124198419e-6
1972.	Lee	115.65	72021.34433200001	214694.09283663737	401999.2623529677	-143.0120978783842	418538.6114726029	4.657790006178273e-6
1972.	Lee	115.63	71877.623216	214609.57070096338	401348.3047272329	-142.85128048921334	417866.19829020073	4.659624436756357e-6
1972.	Lee	115.62	71824.42773800001	214578.40152720423	401107.0224536488	-142.79414167347522	417616.881113936	4.660301283273471e-6
1972.	Lee	115.61	71747.90091	214533.2763451174	400760.33049883065	-142.70778938530026	417258.77802966523	4.661281536535668e-6
1972.	Lee	115.6	71705.371192	214508.43711142818	400567.145947709	-142.66393388877236	417059.0967052511	4.661821294612024e-6
1972.	Lee	115.6	71608.712742	214450.6309390679	400130.46817512554	-142.54293594017605	416608.43156980985	4.663077910384564e-6
1972.	Lee	115.6	71662.441508	214482.77086997795	400373.21475282847	-142.61020297946595	416858.95421725477	4.662379154949523e-6
1972.	Lee	115.6	71650.042562	214475.35566819643	400317.19941592164	-142.59468178776868	416801.1446305877	4.6625403505428735e-6
1972.	Lee	115.59	71624.844704	214460.85878888908	400202.2747031209	-142.572489760091	416682.2287944898	4.662855523601068e-6
1972.	Lee	115.58	71568.58282	214427.7649579608	399946.97637714	-142.5113836328825	416418.44209742855	4.663575168057425e-6
1972.	Lee	115.58	71568.049532	214427.44571259263	399944.56655441265	-142.5107156297826	416415.95506690297	4.663582111313996e-6
1972.	Lee	115.57	71464.59165999999	214366.0522014568	399475.9153261011	-142.3904290312342	415931.97720924084	4.664917741080666e-6
1972.	Lee	115.39	70169.36843	213594.49950133715	393591.8806472665	-140.9274207767589	409853.4957306967	4.681768502160046e-6
1972.	Lee	115.38	70131.105016	213571.8024985696	393417.2431271214	-140.88831305730054	409672.93668767274	4.682266049642474e-6
1972.	Lee	115.37	70026.04728	213508.42532433677	392939.52961657406	-140.76464894950445	409179.5471658784	4.683655918874949e-6
1972.	Lee	115.36	69984.05085	213483.4155910058	392747.88458867936	-140.72075937933494	408981.43139067944	4.684204612482932e-6
1972.	Lee	115.28	69381.968698	213119.85650807415	390004.7647966196	-140.0308737866465	406147.52392674424	4.692195351408349e-6
1972.	Lee	115.21	68856.280052	212800.35032084282	387606.0079563478	-139.42585035599382	403669.26017586177	4.699240384201823e-6
1972.	Lee	115.09	68067.147134	212317.8790910829	383997.0548665236	-138.52636336092053	399940.054025732	4.709918939850595e-6
1972.	Lee	115.07	67882.629486	212203.94890107485	383152.91667188227	-138.30774900583305	399067.9893499835	4.712447648493947e-6
1972.	Lee	114.21	62151.516672	208548.51082219192	356686.1274841631	-131.56210891128794	371711.8359429213	4.795047425932464e-6
1972.	Lee	114.21	62140.584268	208541.1866632741	356635.380672944	-131.54743852382566	371659.4136267502	4.7952158324229414e-6
1972.	Lee	113.79	62140.584268	208565.7264116339	356592.5219819378	-131.92339258773887	371604.08482449665	4.794651629512506e-6
1972.	Lee	113.74	59240.030836000005	206588.07304312187	343062.86372557946	-128.02574522766028	357624.5119877735	4.840550498727322e-6
1972.	Lee	113.23	56135.761388	204410.62336205403	328397.21602870827	-124.1494584297669	342454.65920671076	4.892113646308835e-6
1972.	Lee	113.23	56121.8959	204400.54727382745	328331.5972608751	-124.12990135967546	342386.82599183114	4.892354806958217e-6
1972.	Lee	113.23	56116.829664	204396.86512967106	328307.620398918	-124.12275497319747	342362.03994453314	4.892442941165422e-6
1972.	Lee	112.64	52712.185750000004	201894.87664205875	312042.40359171457	-119.75091563084301	325531.1467283727	4.953072691254613e-6
1972.	Lee	112.5	51995.713321999996	201352.7155882746	308593.2991576835	-118.82349077868989	321960.94187028613	4.966409303586433e-6
1972.	Lee	112.22	50462.91028800001	200171.02308566179	301186.1077854391	-116.79721973969014	314293.0917846271	4.9957280758467074e-6
1972.	Lee	111.63	47341.442302	197672.9226706015	285967.56846316217	-112.57344101406932	298534.1416835627	5.0588618131901735e-6
1972.	Lee	111.63	47341.442302	197672.9226706015	285967.56846316217	-112.57344101406932	298534.1416835627	5.0588618131901735e-6
1972.	Lee	111.46	46503.246887999994	196980.12114237392	281848.3497818466	-111.42120326336395	294267.3570975812	5.076654406549059e-6
1972.	Lee	110.91	43812.27564	194685.46605158894	268527.99713605846	-107.6407538705394	280466.43314783997	5.1364902592934895e-6
1972.	Lee	110.91	43802.143167999995	194676.4871880751	268477.7407113683	-107.62461358380244	280414.38660394785	5.1367271643540066e-6
1972.	Lee	110.83	43433.64116	194353.6347591791	266641.4286976855	-107.10010911641827	278511.33379105816	5.145260088596162e-6
1972.	Lee	110.59	42319.469206	193363.64695544966	261071.64742043437	-105.49661972857226	272738.5185962172	5.171602913707956e-6
1972.	Lee	110.53	42027.09406	193100.1755539196	259605.8028264607	-105.06939762413468	271219.1233458563	5.178659196613567e-6
1972.	Lee	109.64	38075.829946000005	189389.7176498736	239595.42235543096	-99.17974587482034	250469.4896931463	5.280117698093349e-6
1972.	Lee	109.31	36732.344152000005	188058.3396893163	232702.54830329938	-97.11699791694751	243318.40734560092	5.317498823248468e-6
1972.	Lee	109.18	36186.123918	187505.42724722537	229887.1045053614	-96.26248528988542	240397.04264931113	5.33317896276945e-6
1972.	Lee	108.93	35195.941424000004	186486.4359744591	224761.817170348	-94.70473274419113	235078.0037081727	5.362320293026344e-6
1972.	Lee	108.87	34929.164101999995	186207.45237348316	223376.98197746565	-94.27516181602857	233640.71884437668	5.370354340030726e-6
1972.	Lee	108.56	33758.596942000004	184965.33096667184	217273.28266716097	-92.40214485135388	227304.45951222396	5.406418569219256e-6
1972.	Lee	108.22	32459.90734	183545.21818137105	210455.55020394395	-90.27578530010487	220225.19568912132	5.448248719897706e-6
1972.	Lee	108.19	32335.91788	183407.07338230708	209802.21088635726	-90.06839828609729	219546.71089693013	5.452352417812846e-6
1972.	Lee	108.18	32300.454228000002	183367.5699732369	209615.1445462647	-90.01002778972068	219352.4293525567	5.453527033956731e-6
1972.	Lee	107.8	30952.568808	181839.21740384246	202476.48529270405	-87.76261489437181	211937.2951783173	5.499363747145498e-6
1972.	Lee	106.84	27692.445942000002	177907.1108181859	184961.28715198414	-82.10554698691556	193733.4437920662	5.620910796657031e-6
1972.	Lee	106.72	27303.01238	177412.7950960939	182843.78389611686	-81.40776737175558	191531.62083003062	5.636572037875621e-6
1972.	Lee	106.38	26236.703024000002	176029.89074728615	177016.02901051292	-79.47445086729299	185470.52109377555	5.680853380950116e-6
1972.	Lee	106.04	25196.258136	174635.98849650635	171286.58803883733	-77.54835153155449	179509.81523524338	5.726196579578472e-6
1972.	Lee	105.95	24939.213320000003	174284.7589906004	169863.99232147797	-77.0693336530642	178029.4882220201	5.737736367721817e-6
1972.	Lee	105.95	24931.080678	174273.41606484525	169819.14154047435	-77.05221526476252	177982.82374777592	5.738109819502883e-6
1972.	Lee	105.95	24921.748138	174260.3959042627	169767.67001876477	-77.0325680902785	177929.27060792976	5.738538552095292e-6
1972.	Lee	105.4	23328.550238000003	172012.86729819633	160887.70069278034	-73.98931811157502	168686.17482174037	5.813518579784093e-6
1972.	Lee	105.31	23095.636704	171674.44957619254	159579.60276492668	-73.54053881719355	167324.15690776534	5.824978629427206e-6
1972.	Lee	105.31	23085.237588	171659.01572007732	159521.42047602904	-73.51779584452711	167263.5795564162	5.825502353052579e-6
1972.	Lee	104.76	21614.82925	169453.38395523184	151206.2691196968	-70.60708516521733	158603.06736160498	5.901328003365171e-6
1972.	Lee	104.4	20692.107688	168006.55562149402	145934.0977602772	-68.72955227680318	153109.46301797545	5.952148690274467e-6
1972.	Lee	104.29	20397.199424	167532.63747059976	144240.32756543046	-68.11578796716687	151344.12309252628	5.968986193364798e-6
1972.	Lee	103.95	19575.802582	166184.55310509878	139496.4017697019	-66.3994756993138	146398.62726864556	6.017406439499692e-6
1972.	Lee	103.64	18821.466706	164904.7931382478	135107.50212660595	-64.78359866872503	141821.67429263264	6.064105117682364e-6
1972.	Lee	103.58	18690.144536	164678.10519165423	134339.76702758393	-64.50212311617713	141020.89693995757	6.072452672662154e-6
1972.	Lee	103.47	18446.698564	164254.29859732083	132913.9789411971	-63.97637387011468	139533.61434553788	6.0881207282834e-6
1972.	Lee	103.06	17512.911276000003	162583.98402717066	127413.16891995634	-61.91277936582991	133793.89996139874	6.1506673365371725e-6
1972.	Lee	102.73	16804.038202	161267.60135204476	123200.04817735398	-60.31339523665457	129396.0432700155	6.200873527082573e-6
1972.	Lee	102.73	16795.772238	161251.72721812935	123150.9674559803	-60.29219404293766	129344.78455001129	6.201483960833947e-6
1972.	Lee	102.4	16111.030446	159936.21913101437	119049.03398901556	-58.71466538514052	125061.41572445395	6.2524924337546935e-6
1972.	Lee	102.39	16099.698076	159914.36751140974	118980.60489889196	-58.69092098423215	124989.9682984675	6.253346810308655e-6
1972.	Lee	102.33	15970.509058	159660.72831197068	118203.17651258904	-58.387325854927234	124177.95156732376	6.263280961903418e-6
1972.	Lee	101.86	15035.921838	157776.17643797764	112541.70335587456	-56.167398693402596	118262.91458678457	6.338092496449256e-6
1972.	Lee	101.66	14669.286338	157011.4936132795	110302.29956200087	-55.28299985623525	115922.36932738576	6.368960494465504e-6
1972.	Lee	101.57	14496.634348	156645.64206406134	109244.44420407002	-54.85944649375901	114816.51818444113	6.3838354315088e-6
1972.	Lee	101.3	13985.344478	155540.97011610022	106097.80632446117	-53.589083784170036	111526.3805117976	6.429174250704309e-6
1972.	Lee	101.11	13645.5067	154788.88713037205	103994.06236900794	-52.73523356459775	109326.1218347244	6.460412104117932e-6
1972.	Lee	100.95	13368.330262	154164.2946962803	102270.81437898403	-52.03209144539574	107523.45401039674	6.4865862875064814e-6
1972.	Lee	100.93	13338.8661	154097.4779417467	102087.07741205883	-51.95852022361657	107331.25085822845	6.489398875029148e-6
1972.	Lee	100.85	13186.21241	153747.71427092174	101135.29089162432	-51.56236253588949	106335.35515336879	6.504161734969803e-6
1972.	Lee	100.43	12489.60496	152111.74368753107	96762.7687148406	-49.7497295298194	101759.13405152036	6.574114369855667e-6
1972.	Lee	100.39	12418.810978	151941.11380021405	96316.08946176017	-49.56060984138014	101291.47908373633	6.581497101007767e-6
1972.	Lee	99.91	11658.475612	150059.54504753207	91485.83139799182	-47.51507799758136	96233.06284073017	6.664021270244723e-6
1972.	Lee	99.9	11640.743786000001	150014.38643415904	91372.57519777628	-47.465762693042	96114.4048908112	6.666027330911343e-6
1972.	Lee	99.71	11346.235488	149257.59122791936	89485.53452642608	-46.653067449601025	94137.3118818258	6.699826734259564e-6
1972.	Lee	99.07	10404.182236	146724.88172518706	83385.99950924114	-43.98097340911045	87743.19454488171	6.815476613387095e-6
1972.	Lee	98.89	10149.937182	146009.46367135347	81722.46596968352	-43.23848339643656	85998.31959275712	6.8488711269487144e-6
1972.	Lee	98.69	9877.293692	145226.12115835331	79929.71860349608	-42.433127338180725	84117.44394050114	6.885813598984776e-6
1972.	Lee	98.37	9449.996682	143962.1717705538	77101.42146667776	-41.14629818168964	81148.98281881056	6.946269201841405e-6
1972.	Lee	98.32	9386.002122	143768.9741555646	76675.74943038405	-40.9515788613582	80702.10866403278	6.955603640309448e-6
1972.	Lee	98.32	9384.135614	143763.21875942923	76663.400489735	-40.945130437299746	80689.12571433032	6.955882099950627e-6
1972.	Lee	98.14	9153.355232000002	143057.18668731183	75123.86116385048	-40.235742720120356	79072.59695440311	6.990211559142125e-6
1972.	Lee	98.11	9115.358462	142939.56043822464	74869.69283651334	-40.11807315345504	78805.67699359881	6.995963867065187e-6
1972.	Lee	97.68	8583.403682	141249.40672583945	71290.15915796322	-38.4428327133404	75045.25505740232	7.079675753548245e-6
1972.	Lee	97.67	8576.470937999999	141227.131852431	71243.02909048214	-38.42281344374008	74995.78527953224	7.080792386585501e-6
1972.	Lee	97.65	8559.405722	141171.90383765148	71127.21664288754	-38.37113997975691	74874.1584619108	7.083562471113274e-6
1972.	Lee	97.45	8321.29263	140385.8566512059	69510.78855781468	-37.602754565889626	73175.17699026063	7.123224688399621e-6
1972.	Lee	97.44	8310.093582000001	140348.47407851808	69434.52974223533	-37.56657886925314	73095.01718725535	7.125121997696599e-6
1972.	Lee	97.17	7984.521258000001	139241.53398659173	67210.32062015143	-36.49079015191552	70756.13069921306	7.181765177165421e-6
1972.	Lee	97.16	7987.720985999999	139253.51560137764	67231.64445410584	-36.507821721786655	70778.74441259463	7.1811472455931805e-6
1972.	Lee	97.16	7986.9210539999995	139250.70281372344	67226.19219050034	-36.504814065457964	70772.99992510023	7.181292300820244e-6
1972.	Lee	96.81	7993.987120000001	139301.08615279646	67257.32778837347	-36.70689416972831	70810.92221294488	7.178694923477631e-6
1972.	Lee	96.8	7580.6889200000005	137818.0215824602	64426.73263492003	-35.13530177734524	67827.82984696704	7.255945111660693e-6
1972.	Lee	96.76	7539.759066	137670.44973850602	64143.00939682316	-34.99663124706665	67529.28343628933	7.26372291148478e-6
1972.	Lee	96.55	7317.644614	136857.33589123233	62598.760767160915	-34.232128288648205	65903.8727534299	7.306879046620871e-6
1972.	Lee	96.48	7248.05053	136598.67640495082	62112.976346438845	-33.991630343856905	65392.48884201415	7.320715151261572e-6
1972.	Lee	96.48	7244.184192	136583.95896853914	62086.147345356316	-33.976322685493955	65364.18295805277	7.321503985913461e-6
1972.	Lee	96.48	7242.317684000001	136576.85170466572	62073.19446178534	-33.96893133244329	65350.51695673946	7.321884986501253e-6
1972.	Lee	96.22	6976.606938	135568.76967680806	60210.70115140433	-33.03287653227947	63389.12453134027	7.3763301266506325e-6
1972.	Lee	95.62	6399.589322	133267.9405326865	56119.43997180212	-30.936216027907005	59077.560948390594	7.5036801499512245e-6
1972.	Lee	95.62	6397.989458	133261.201509798	56108.08226761006	-30.929444776336148	59065.555777123314	7.504059611277595e-6
1972.	Lee	95.61	6389.45685	133225.98859103757	56047.043317871576	-30.898082450129667	59001.20898092848	7.5060430068917675e-6
1972.	Lee	95.3	6104.281092	132024.24963201574	53999.5407783603	-29.822276322103328	56841.60371185675	7.57436609401112e-6
1972.	Lee	95.04	5872.167490000001	131011.92436036015	52319.97234314591	-28.926151862575516	55069.11381616509	7.632892997200846e-6
1972.	Lee	95.03	5867.367898	130990.99690735384	52284.91256286004	-28.909548318280667	55032.18693954624	7.634112447493405e-6
1972.	Lee	94.47	5400.340932	128850.88670808081	48866.585468934245	-27.050745761977954	51422.0694210683	7.76090895102304e-6
1972.	Lee	94.4	5342.879150000001	128577.18640928729	48442.38059606136	-26.81540496407032	50973.754824669595	7.77742947972743e-6
1978.	Chen	115.727	72681.82152	215081.6365928224	404986.0067263287	-143.76276083831226	421623.2397498641	4.649397390875961e-6
1978.	Chen	115.631	71992.54678	214678.03095445482	401867.2241776211	-142.9939399494239	418401.7564479129	4.658138494908013e-6
1978.	Chen	115.532	71285.94018	214261.06375971282	398664.10594253964	-142.20186159149887	415092.97141592874	4.667203562106222e-6
1978.	Chen	115.376	70175.36792	213598.95563295527	393617.59199607075	-140.94801810492552	409879.6105329446	4.68167083044349e-6
1978.	Chen	115.273	69464.76166	213171.03997084632	390380.31770071445	-140.1426155390381	406534.977421746	4.691068731178316e-6
1978.	Chen	115.142	68562.17172	212622.4044145926	386259.4009858363	-139.11279355114652	402277.12626090244	4.703173227455838e-6
1978.	Chen	114.822	66381.0238	211272.34344142568	376258.11094855634	-136.59421043660745	391942.13137930847	4.733227187766039e-6
1978.	Chen	114.475	64099.88438	209822.25853335857	365730.59347657807	-133.91921952700832	381060.99613193236	4.765938594836997e-6
1978.	Chen	114.139	61936.06832	208408.12630180424	355678.4992872341	-131.33609894612485	370669.0702848458	4.7982773884347464e-6
1978.	Chen	113.782	59718.923460000005	206917.87561236936	345308.62233513163	-128.64542123516154	359946.1556541108	4.832835234947777e-6
1978.	Chen	113.482	57905.74426	205666.01667734832	336773.5244777568	-126.40834295868476	351118.59605339426	4.86225199551958e-6
1978.	Chen	113.157	55987.24068	204306.89267908793	327687.0449367977	-124.0028648189067	341718.83711111074	4.894597469947993e-6
1978.	Chen	112.832	54128.732	202954.4634841507	318827.84634982154	-121.6349779158761	332552.1641780257	4.927213636166681e-6
1978.	Chen	112.522	52396.87922	201660.36757417684	310520.24033716595	-119.39135323462156	323954.394185832	4.958832575925805e-6
1978.	Chen	112.193	50615.6973	200293.37541904853	301921.1655821177	-117.04668208294231	315052.98398504924	4.9926763574073595e-6
1978.	Chen	111.745	48258.564340000004	198423.89900786622	290452.5455827868	-113.87889723946408	303177.94295481074	5.039715503021924e-6
1978.	Chen	111.421	46617.370520000004	197078.77131657308	282404.3701499452	-111.62939324690969	294842.2287749091	5.074113225486231e-6
1978.	Chen	111.099	45029.5055	195740.79794446452	274566.35468616185	-109.41532132165324	286722.28746967623	5.10879699327536e-6
1978.	Chen	110.731	43272.32154	194215.46662625743	265830.99458517885	-106.92054391919363	277670.4133338951	5.148920512722969e-6
1978.	Chen	110.381	41652.459240000004	192764.76917306098	257718.49737600915	-104.57611777304255	269261.71383191535	5.187669947625215e-6
1978.	Chen	110.037	40116.589799999994	191347.06329633965	249971.0484591782	-102.31287580694215	261229.25037434674	5.2261058140792975e-6
1978.	Chen	109.695	38628.71628	189931.47268825752	242412.03112142454	-100.07810374553897	253390.09871179145	5.265056843113842e-6
1978.	Chen	109.365	37238.16782	188568.43680554323	235297.39357945012	-97.9513277349452	246009.84053718238	5.303114439195497e-6
1978.	Chen	109.033	35880.94986	187198.13064120605	228304.5831800004	-95.83757798698221	238754.04182065497	5.341933685847822e-6
1978.	Chen	108.691	34533.064439999995	185795.57345841863	221309.94200872505	-93.70053638890657	231494.3470093717	5.382259552183582e-6
1978.	Chen	108.574	34087.76896	185322.6600738653	218987.73820430416	-92.98673435888493	229083.6799005857	5.395994206004939e-6
1978.	Chen	108.356	33250.5068	184419.53752944927	214606.23426740305	-91.62809307943901	224534.68792111875	5.422418976841398e-6
1978.	Chen	108.337	33173.18004	184335.1257683135	214200.63492644494	-91.50077278020325	224113.5541471338	5.424902040953803e-6
1978.	Chen	108.007	31954.616960000003	182985.17443180687	207782.98304195632	-89.49345795403501	217448.9029551978	5.464923609823211e-6
1978.	Chen	107.661	30712.055920000003	181565.26685523632	201191.1872001189	-87.40648497492091	210601.45677900384	5.507661334793231e-6
1978.	Chen	107.339	29597.484	180251.8714347584	195235.24578185458	-85.5000449281705	204412.73510439944	5.5477926084220815e-6
1978.	Chen	107.006	28477.5792	178891.44606615437	189208.00949678407	-83.54800573028909	198148.1473979594	5.589982204236854e-6
1978.	Chen	106.661	27356.34118	177485.60310998693	183128.5186565845	-81.55581414706563	191827.34334932468	5.634259807429592e-6
1978.	Chen	106.325	26295.09806	176111.4847846947	177330.94904847376	-79.6318211047265	185797.80242743378	5.678221390402512e-6
1978.	Chen	105.993	25281.85086	174757.2067099397	171754.18561568047	-77.75919689614697	179996.11617229378	5.722224672884537e-6
1978.	Chen	105.659	24299.26772	173401.55694199866	166305.67364950135	-75.90848656698805	174326.08843168273	5.766960906438063e-6
1978.	Chen	105.328	23355.347960000003	172056.92817285995	161032.32025265798	-74.09513739893114	168836.6128846126	5.812029835818833e-6
1978.	Chen	104.999	22446.091920000003	170719.53209910207	155914.5222235071	-72.31353327472397	163507.37090381986	5.857560571449456e-6
1978.	Chen	104.679	21594.16434	169426.2770340578	151083.7269181225	-70.61264321082655	158475.38779678862	5.902272171151949e-6
1978.	Chen	104.38	20820.89674	168216.2173042859	146667.84191760747	-69.03943934531311	153874.17859647123	5.944730038668641e-6
1978.	Chen	103.719	19193.03512	165545.1842642049	137268.574138426	-65.6302709994585	144075.68021621884	6.040646875018916e-6
1981.	Staveley	115.76	72999.12788	215267.04285885912	406418.63557708997	-144.1257932413484	423102.63740270847	4.64539293483794e-6
1968.	Larher	91.04	3214.39342	116212.88043775661	32015.18883880721	-16.918830011638153	33555.47912306675	8.604898150989365e-6
1968.	Larher	89.6	2535.78444	110840.57809329845	26397.338305910645	-12.97441004054591	27559.845445543557	9.021966658801296e-6
1968.	Larher	88.03	1938.50188	105047.90748825282	21226.850164669755	-8.935494246799257	22013.441723215496	9.519466155114292e-6
1968.	Larher	85.88	1318.5545800000002	97252.66126562143	15553.789439827277	-3.798087305293461	15879.96917760588	0.00001028249496709143
1968.	Larher	84.03	933.254	90751.93331140916	11805.539020743034	0.2706297179788308	11782.79800554127	0.000011019048999965293
1968.	Larher	85.93	1326.5538999999999	97368.69509666147	15630.072797800009	-3.8670069311263515	15962.364703391697	0.000010270241364611731
1968.	Larher	84.6	1038.57838	92714.9418349416	12851.598149193984	-0.9387076096932385	12931.01281297403	0.000010785748016541697
1968.	Larher	77.08	216.64825000000002	67667.65273506362	4033.221870676954	13.762806649541023	2972.384734130332	0.000014778109770044174
1968.	Larher	76.71	199.183068	66517.42490980805	3822.3275933610676	14.405244801752923	2717.3012646186003	0.000015033654735671363
1968.	Larher	75.93	165.31928	64010.34931254916	3410.3581973572905	15.803313577939289	2210.41259738436	0.000015622473720885494
1968.	Larher	74.61	120.65641000000001	59906.22281103938	2859.581256696819	18.051431243621707	1512.7639716102037	0.000016692756663264745
1968.	Larher	74.29	111.857158	58939.482534090304	2750.3122267367926	18.572569444993295	1370.5560426682405	0.000016966555473601333
1968.	Larher	72.76	76.260184	54089.42295517781	2312.1127386776548	21.16210224295278	772.3581794804097	0.00001848790290901547
1968.	Larher	72.21	65.99439	52259.40442581975	2188.9325416617658	22.12528483694129	591.2657235862351	0.000019135311835010717
1968.	Larher	79.18	343.837438	74284.20981269158	5528.701606714418	10.019009921304974	4735.39640114549	0.00001346181109715659
1968.	Larher	78.3	282.909284	71421.09576216772	4821.487922647685	11.654453462464378	3908.9442165367245	0.000014001465383981232
1968.	Larher	77.97	263.57759400000003	70409.36638446634	4593.4479453071335	12.22460035302079	3640.2958557821034	0.000014202655858874755
1968.	Larher	76.43	186.384156	65616.58398986733	3667.1913994005286	14.909103315081548	2527.6886330288457	0.000015240049682476955
1956.	Freeman	87.2	1670.3705683085134	101964.81865983509	18818.653271356507	-6.8616208865855235	19416.986612666766	9.80730425595225e-6
1956.	Freeman	88.	1919.7213003331647	104841.17938575643	21060.998112890422	-8.786599685969316	21834.218885255723	9.538236844137014e-6
1956.	Freeman	89.	2276.3669388722597	108472.91522806874	24182.72684014568	-11.2853700767359	25187.124776975175	9.218891166494964e-6
1956.	Freeman	90.	2689.068219148682	112143.07861873577	27689.430719624874	-13.895376492717624	28940.014603969455	8.91717984129722e-6
1956.	Freeman	91.	3164.980588766717	115849.62478233216	31616.01085849134	-16.62571954851451	33128.95133740616	8.631879489285206e-6
1956.	Freeman	92.	3711.9474561565476	119590.51708298802	35999.47492891884	-19.48548439225118	37792.13949300595	8.361867014138464e-6
1956.	Freeman	93.	4338.541494731099	123363.76179795689	40878.989251680236	-22.48364007545959	42969.96777869798	8.106108191137876e-6
1956.	Freeman	94.	5054.106314702529	127167.44189230498	46295.924474419895	-25.62895797177747	48705.04652376698	7.863647999201522e-6
1956.	Freeman	95.	5868.798361843755	130999.74623505092	52293.89418971986	-28.929948574038132	55042.239304253475	7.633602573593652e-6
1956.	Freeman	96.	6793.6289005634935	134858.99215758537	58918.78600750322	-32.3948156063242	62028.68830571034	7.415152553056903e-6
1956.	Freeman	97.	7840.505937702347	138743.64051923566	66218.78477994693	-36.03142599405779	69713.83310137053	7.2075375581726805e-6
1956.	Freeman	98.	9022.275943424076	142652.30337262116	74244.3878595317	-39.84729386708678	78149.4226585062	7.010051547418105e-6
1956.	Freeman	99.	10352.76522643479	146583.74492592548	83048.41243947379	-43.84957649261265	87389.52051224245	6.82203883183186e-6
1956.	Freeman	100.	11846.820822468588	150536.87684169755	92685.99516887697	-48.04507989108347	97490.5031579853	6.642890572597609e-6
1956.	Freeman	101.	13520.35075748558	154510.74906077623	103214.5843503043	-52.44027189108757	108511.05181130416	6.472041628680822e-6
1956.	Freeman	102.	15390.363550281507	158504.5373515066	114693.92511236877	-57.04130050906192	120512.13776429307	6.3089676592813e-6
1956.	Freeman	103.	17475.006823153057	162517.52870525236	127186.03800801336	-61.85401576232826	133557.00163153317	6.153182416486507e-6
1956.	Freeman	104.	19793.604893840304	166549.1055651651	140755.19152385902	-66.88399330067713	147711.12682712945	6.004235187013558e-6
1956.	Freeman	105.	22366.69522711451	170598.72971410205	155467.86900192357	-72.13655853800799	163042.20764841442	5.8617083590003884e-6
1956.	Freeman	106.	25216.063630036962	174665.92647996338	171392.7304764354	-77.61681025505818	179620.11236347153	5.725215101496707e-6
1956.	Freeman	107.	28364.778081019052	178750.26975659947	188600.5699190885	-83.32964290947776	197516.84171040263	5.594397151745165e-6
1956.	Freeman	108.	31837.221089303686	182851.36819446186	207164.26836891213	-89.2797671208426	216806.48321796313	5.468922709599324e-6
1956.	Freeman	109.	35659.12048830168	186968.85279170013	227158.74340025097	-95.47172799204783	237565.16175138418	5.348484440422216e-6
1956.	Freeman	110.	39857.57857329801	191102.36601468248	248660.89535593864	-101.9099210855337	259870.98667534735	5.232797588299715e-6
1956.	Freeman	111.	44461.09950133122	195251.5524960874	271749.5507438438	-108.59860599607379	283803.996009408	5.121598200967128e-6
1956.	Freeman	112.	49499.61487848889	199416.05129671053	296505.403164554	-115.54191755576745	309446.09793079994	5.0146414669103195e-6
1956.	Freeman	113.	55004.50746740596	203595.48967131888	323010.95210680435	-122.74387477611118	336881.0099565049	4.911700163959345e-6
1956.	Freeman	114.	61008.63295534488	207789.4782464924	351350.43991595646	-130.2083876811021	366194.19611160207	4.812563217535682e-6
1956.	Freeman	115.	67546.33973083214	211997.6074969575	381609.7872109503	-137.9392622184838	397472.802366076	4.717034365655997e-6
1956.	Freeman	115.76	72893.86363117286	215204.97805761293	405944.69421193696	-143.99515290880896	422613.5731126607	4.6467326593731865e-6
1951.	Liang	77.3	232.64689	68673.08410850531	4222.411057754069	13.17356525779284	3204.094463326683	0.000014561745886058841
1959.	Heastie	115.8	72660.49	215064.82369864246	404897.83485063486	-143.6676469659621	421534.5483692933	4.649760861875025e-6
1947.	Stull	73.84999999999997	133.322	61480.424340398786	2982.0075459837285	16.88991399847096	1734.6873971966486	0.000016265339914755598
1947.	Stull	81.84999999999997	666.61	84897.99580487378	9055.248009539164	3.675395898913755	8754.416855213072	0.000011778841072978458
1947.	Stull	85.94999999999999	1333.22	97467.19648925934	15692.881318893613	-3.9323933093039636	16030.870523828287	0.000010259862148699411
1947.	Stull	90.24999999999997	2666.44	111927.69393284888	27510.87891864947	-13.63549395307007	28741.482247914042	8.934339347685934e-6
1947.	Stull	94.74999999999997	5332.88	128501.37279925299	48384.18200098775	-26.608246084112753	50905.31331745743	7.782018029972464e-6
1947.	Stull	97.44999999999999	7999.32	139273.15419445472	67324.7807365675	-36.4066148118592	70872.60534998318	7.180134648230835e-6
1947.	Stull	101.34999999999997	13332.2	154053.31892013166	102069.72350818609	-51.70232751521422	107309.75440185305	6.491259045956979e-6
1947.	Stull	107.24999999999997	26664.4	176543.5255606297	179412.2215840595	-79.75480273122139	187965.92417698298	5.664325535725034e-6
1947.	Stull	114.14999999999998	53328.8	202274.7413462822	315136.4450512752	-119.37363972506526	328762.94602589135	4.943770998515629e-6
1947.	Stull	121.14999999999998	101324.72	229551.9648181028	530457.4083847868	-171.01344269789786	551175.6869676372	4.3563120916538485e-6
1931.	Allen	114.84999999999997	69860.728	213437.685474683	392133.49979416974	-141.03919517651596	408331.8513601926	4.6852082272913115e-6
1931.	Allen	115.14999999999998	70660.66	213906.28870259854	395792.9764555792	-141.7718641112435	412118.00660798897	4.674944369636253e-6
1931.	Allen	115.74999999999997	71860.558	214592.4828145134	401284.24247832433	-142.7176611919111	417803.811761288	4.6599954801975365e-6
1931.	Allen	114.14999999999998	63461.272000000004	209422.12832170996	362747.387472769	-133.3656205988923	377971.0730641326	4.775044585851122e-6
1931.	Allen	115.14999999999998	67060.966	211683.77840330362	379406.42595854064	-137.17577718803201	395202.21670174255	4.724027544967488e-6
2006.	Lide	80.	400.	76558.48494287752	6171.6235612822475	8.743018851676442	5472.1820531481335	0.000013061909476737016
2006.	Lide	90.	2700.	112236.0939162687	27780.04145211571	-13.971259787407897	29037.45483298243	8.909789757526917e-6
2006.	Lide	95.	6000.	131587.3625193229	53238.203395055076	-29.50874495504233	56041.53416578409	7.5995139719679035e-6
2006.	Lide	100.	12100.	151177.15546143908	94287.08316450848	-48.81684758097675	99168.76792260614	6.614756025456975e-6
2006.	Lide	105.	22800.	171253.48118614077	157902.2230581561	-73.09539645163746	165577.239685578	5.839297356607126e-6
2006.	Lide	110.	40400.	191618.06923676172	251396.15455901023	-102.81258023935648	262705.53838533943	5.218714518850559e-6
2006.	Lide	115.8	73100.	215324.1517904817	406877.04131848767	-144.21322401334794	423576.9326592334	4.644160869483125e-6