Year	Author	Temperature	Heat Capacity
1969.0	Finegold	4.6496	0.6887000000000001
1969.0	Finegold	5.111	0.9425
1969.0	Finegold	5.599	1.263
1969.0	Finegold	5.9839	1.552
1969.0	Finegold	6.2566	1.775
1969.0	Finegold	6.5436	2.017
1969.0	Finegold	6.893	2.361
1969.0	Finegold	7.2669	2.726
1969.0	Finegold	7.6586	3.143
1969.0	Finegold	8.1047	3.648
1969.0	Finegold	8.6887	4.334
1969.0	Finegold	9.3577	5.105
1969.0	Finegold	10.1437	6.088
1969.0	Finegold	12.279	8.738
1969.0	Finegold	11.0851	7.27
1969.0	Finegold	1.2404	0.01011
1969.0	Finegold	1.3379	0.01267
1969.0	Finegold	1.4466	0.01614
1969.0	Finegold	1.545	0.019690000000000003
1969.0	Finegold	1.6552	0.024390000000000002
1969.0	Finegold	1.7768	0.03039
1969.0	Finegold	1.8961	0.036789999999999996
1969.0	Finegold	2.0212	0.04513
1969.0	Finegold	2.1616	0.055420000000000004
1969.0	Finegold	2.3144	0.06884
1969.0	Finegold	2.492	0.08653
1969.0	Finegold	2.7118	0.1135
1969.0	Finegold	2.9379	0.14709999999999998
1969.0	Finegold	3.1875	0.19319999999999998
1969.0	Finegold	3.4782	0.2585
1969.0	Finegold	3.804	0.3485
1969.0	Finegold	4.1726	0.4793
1969.0	Finegold	4.5926	0.6583
1969.0	Finegold	5.0652	0.913
1969.0	Finegold	0.3684	0.000254
1969.0	Finegold	0.4114	0.0003683
1969.0	Finegold	0.4581	0.0005175
1969.0	Finegold	0.4994	0.0006347000000000001
1969.0	Finegold	0.5452	0.0008265
1969.0	Finegold	0.5959	0.0011
1969.0	Finegold	0.6566	0.00148
1969.0	Finegold	0.7106	0.001883
1969.0	Finegold	0.7716	0.0024140000000000003
1969.0	Finegold	0.848	0.003219
1969.0	Finegold	0.9368	0.004325
1969.0	Finegold	1.0076	0.005412
1969.0	Finegold	1.1048	0.007091
1969.0	Finegold	1.1996	0.00914
1969.0	Finegold	1.2906	0.01131
1969.0	Finegold	1.4011	0.01458
1969.0	Finegold	1.5133	0.0184
1969.0	Finegold	1.6322	0.023329999999999997
1969.0	Finegold	0.5089	0.0006795999999999999
1969.0	Finegold	0.5602	0.0009173
1969.0	Finegold	0.6133	0.001206
1969.0	Finegold	0.6721	0.0015760000000000001
1969.0	Finegold	0.36	0.00023899999999999998
1969.0	Finegold	0.3872	0.000297
1969.0	Finegold	0.4198	0.0003826
1969.0	Finegold	0.4817	0.0005904
1969.0	Finegold	0.5269	0.0007796
1969.0	Finegold	0.5803	0.001047
1969.0	Finegold	0.6417	0.001416
1969.0	Finegold	0.691	0.0017569999999999999
1969.0	Finegold	0.7565	0.0022949999999999997
1969.0	Finegold	0.835	0.003115
1969.0	Finegold	0.9155	0.004046999999999999
1969.0	Finegold	1.0066	0.005441
1969.0	Finegold	1.1086	0.00724
1969.0	Finegold	1.2068	0.009316000000000001
1969.0	Finegold	1.3168	0.01209
1969.0	Finegold	1.426	0.015439999999999999
1969.0	Finegold	1.5257	0.018969999999999997
1969.0	Finegold	1.6066	0.02231
1969.0	Finegold	1.7651	0.02979
1969.0	Finegold	1.9367	0.03964
1969.0	Finegold	2.1092	0.05181
1969.0	Finegold	2.3028	0.06820999999999999
1969.0	Finegold	2.5354	0.09228
1969.0	Finegold	2.818	0.12919999999999998
1969.0	Finegold	3.1263	0.1825
1969.0	Finegold	3.4622	0.2565
1969.0	Finegold	3.8311	0.3579
1969.0	Finegold	4.2416	0.5057
1969.0	Finegold	4.7103	0.7237
1968.0	Losee	4.0	0.403
1968.0	Losee	6.0	1.557
1968.0	Losee	8.0	3.587
1968.0	Losee	10.0	5.933
1968.0	Losee	15.0	11.7
1968.0	Losee	20.0	15.95
1968.0	Losee	25.0	18.89
1968.0	Losee	30.0	20.88
1968.0	Losee	35.0	22.36
1968.0	Losee	40.0	23.48
1968.0	Losee	45.0	24.28
1968.0	Losee	50.0	25.01
1968.0	Losee	55.0	25.69
1968.0	Losee	60.0	26.35
1968.0	Losee	65.0	26.95
1968.0	Losee	70.0	27.51
1968.0	Losee	75.0	28.03
1968.0	Losee	80.0	28.56
1968.0	Losee	85.0	29.19
1968.0	Losee	90.0	29.9
1968.0	Losee	95.0	30.74
1968.0	Losee	100.0	31.71
1968.0	Losee	105.0	32.81
1968.0	Losee	110.0	34.05
1968.0	Losee	115.0	35.79
1936.0	Clusius	10.53	6.568880000000001
1936.0	Clusius	11.46	7.99144
1936.0	Clusius	12.36	9.03744
1936.0	Clusius	12.69	9.58136
1936.0	Clusius	13.51	10.334480000000001
1936.0	Clusius	14.21	10.96208
1936.0	Clusius	15.04	12.04992
1936.0	Clusius	16.21	12.63568
1936.0	Clusius	16.99	13.09592
1936.0	Clusius	19.15	14.76952
1936.0	Clusius	19.47	15.0624
1936.0	Clusius	19.7	15.18792
1936.0	Clusius	22.28	16.9452
1936.0	Clusius	22.32	16.98704
1936.0	Clusius	22.65	17.23808
1936.0	Clusius	25.6	18.86984
1936.0	Clusius	29.65	20.836320000000004
1936.0	Clusius	34.0	22.300720000000002
1936.0	Clusius	38.1	23.34672
1936.0	Clusius	41.8	24.016160000000003
1936.0	Clusius	45.6	24.560080000000003
1936.0	Clusius	49.4	25.14584
1936.0	Clusius	53.3	25.64792
1936.0	Clusius	57.1	26.02448
1936.0	Clusius	61.0	26.40104
1936.0	Clusius	64.8	26.944960000000002
1936.0	Clusius	68.4	27.4052
1936.0	Clusius	72.1	27.656240000000004
1936.0	Clusius	75.9	28.074640000000002
1936.0	Clusius	93.5	30.37584
1936.0	Clusius	98.2	31.08712
1936.0	Clusius	103.0	31.71472
1936.0	Clusius	103.3	32.30048
1936.0	Clusius	107.9	33.34648
1936.0	Clusius	108.0	33.2628
1936.0	Clusius	112.4	34.685359999999996
1936.0	Clusius	112.5	34.769040000000004
