Unnamed: 0	 Reference	 Year  	 Author   	 Temperature	 Beta T  	 Unnamed: 6	 Density	 Pressure          	 Unnamed: 9	 Unnamed: 10	 Reference.1	 Year.1	 Author.1	 Temperature.1	 Beta S  	 1011 x Beta S	 Unnamed: 17
          	          	 1967.0	 Urvas    	            	 0.000298	           	        	 3355.704697986577 	           	            	            	 1961.0	 Beaumont	           0.0	         	              	 
          	          	 1967.0	 Urvas    	            	 0.000329	           	        	 3039.51367781155  	           	            	            	 1961.0	 Beaumont	           5.0	         	              	 
          	          	 1967.0	 Urvas    	       10.0 	 0.000333	           	        	 3003.003003003003 	           	            	            	 1961.0	 Beaumont	          10.0	 0.000388	              	 
          	          	 1967.0	 Urvas    	       31.0 	 0.000362	           	        	 2762.430939226519 	           	            	            	 1961.0	 Beaumont	          15.0	 0.000389	              	 
          	          	 1967.0	 Urvas    	       39.0 	 0.000384	           	        	 2604.1666666666665	           	            	            	 1961.0	 Beaumont	          20.0	 0.000391	              	 
          	          	 1967.0	 Urvas    	       46.0 	 0.000454	           	        	 2202.643171806168 	           	            	            	 1961.0	 Beaumont	          25.0	 0.000395	              	 
          	          	 1967.0	 Urvas    	       53.0 	 0.000481	           	        	 2079.002079002079 	           	            	            	 1961.0	 Beaumont	          30.0	 0.0004  	              	 
          	          	 1967.0	 Urvas    	       66.0 	 0.000598	           	        	 1672.2408026755852	           	            	            	 1961.0	 Beaumont	          40.0	 0.000406	              	 
          	          	 1967.0	 Urvas    	       77.0 	 0.000625	           	        	 1600.0            	           	            	            	 1961.0	 Beaumont	          50.0	 0.00041 	              	 
          	          	 1975.0	 Anderson 	       89.0 	 0.000299	           	        	 3344.4816053511704	           	            	            	 1975.0	 Landheer	          10.0	 0.000438	              	 
          	          	 1975.0	 Anderson 	      101.0 	 0.000313	           	        	 3194.8881789137376	           	            	            	 1975.0	 Landheer	          77.0	 0.000456	              	 
          	          	 1975.0	 Anderson 	        4.0 	 0.000355	           	        	 2816.9014084507044	           	            	            	 1975.0	 Landheer	         114.0	 0.000277	              	 
          	          	 1975.0	 Anderson 	       20.0 	 0.000402	           	        	 2487.5621890547263	           	            	            	 1975.0	 Landheer	         115.6	 0.000303	              	 
          	          	 1975.0	 Anderson 	       40.0 	 0.000461	           	        	 2169.1973969631235	           	            	            	 1974.0	 Skalyo  	          10.0	 0.000457	              	 
          	          	 1975.0	 Anderson 	       60.0 	 0.000521	           	        	 1919.3857965451057	           	            	            	 1974.0	 Skalyo  	          77.0	 0.000491	              	 
          	          	 1975.0	 Anderson 	       77.0 	 0.000578	           	        	 1730.1038062283735	           	            	            	 1974.0	 Skalyo  	         115.0	 0.000279	              	 
          	          	 1975.0	 Anderson 	       90.0 	 0.000633	           	        	 1579.778830963665 	           	            	            	 1977.0	 Rand    	         115.6	 0.000308	              	 
          	          	 1978.0	 Macrander	      100.0 	 0.00049 	           	        	 2040.8163265306123	           	            	            	 1977.0	 Rand    	         114.0	 0.000462	              	 
          	          	 1978.0	 Macrander	      110.0 	 0.000511	           	        	 1956.9471624266143	           	            	            	 1973.0	 Petert  	          77.0	 0.000491	              	 
          	          	 1978.0	 Macrander	       81.69	 0.000531	           	        	 1883.2391713747645	           	            	            	 1970.0	 Klein   	           0.0	 0.000455	              	 
          	          	 1978.0	 Macrander	       86.38	 0.000554	           	        	 1805.0541516245487	           	            	            	 1970.0	 Klein   	          10.0	 0.00031 	              	 
          	          	 1978.0	 Macrander	       90.9 	 0.00058 	           	        	 1724.1379310344828	           	            	            	 1970.0	 Klein   	          25.0	 0.000311	              	 
          	          	 1978.0	 Macrander	       95.24	 0.000611	           	        	 1636.661211129296 	           	            	            	 1970.0	 Klein   	          55.0	 0.000313	              	 
          	          	 1978.0	 Macrander	       99.4 	 0.000648	           	        	 1543.2098765432097	           	            	            	 1970.0	 Klein   	          85.0	 0.000334	              	 
          	          	 1978.0	 Macrander	      103.37	 0.00069 	           	        	 1449.2753623188407	           	            	            	 1970.0	 Klein   	         115.0	 0.000399	              	 
          	          	 1978.0	 Macrander	      107.12	 0.000737	           	        	 1356.8521031207597	           	            	            	       	         	              	 0.000497	              	 
          	          	 1971.0	 Korpiun  	      110.66	 0.000293	           	        	 3412.9692832764504	           	            	            	       	         	              	 0.000661	              	 
          	          	 1971.0	 Korpiun  	      113.99	 0.000294	           	        	 3401.360544217687 	           	            	            	       	         	              	         	              	 
          	          	 1971.0	 Korpiun  	        5.0 	 0.000295	           	        	 3389.830508474576 	           	            	            	       	         	              	         	              	 
          	          	 1971.0	 Korpiun  	       10.0 	 0.000296	           	        	 3378.3783783783783	           	            	            	       	         	              	         	              	 
          	          	 1971.0	 Korpiun  	       15.0 	 0.000299	           	        	 3344.4816053511704	           	            	            	       	         	              	         	              	 
          	          	 1971.0	 Korpiun  	       20.0 	 0.000304	           	        	 3289.4736842105262	           	            	            	       	         	              	         	              	 
          	          	 1971.0	 Korpiun  	       25.0 	 0.000312	           	        	 3205.128205128205 	           	            	            	       	         	              	         	              	 
          	          	 1971.0	 Korpiun  	       30.0 	 0.000324	           	        	 3086.4197530864194	           	            	            	       	         	              	         	              	 
          	          	 1971.0	 Korpiun  	       35.0 	 0.000339	           	        	 2949.8525073746314	           	            	            	       	         	              	         	              	 
          	          	 1971.0	 Korpiun  	       40.0 	 0.000356	           	        	 2808.988764044944 	           	            	            	       	         	              	         	              	 
          	          	 1971.0	 Korpiun  	       45.0 	 0.000374	           	        	 2673.7967914438505	           	            	            	       	         	              	         	              	 
          	          	 1971.0	 Korpiun  	       50.0 	 0.000394	           	        	 2538.071065989848 	           	            	            	       	         	              	         	              	 
          	          	 1971.0	 Korpiun  	       55.0 	 0.000415	           	        	 2409.638554216868 	           	            	            	       	         	              	         	              	 
          	          	 1971.0	 Korpiun  	       60.0 	 0.000438	           	        	 2283.10502283105  	           	            	            	       	         	              	         	              	 
          	          	 1971.0	 Korpiun  	       65.0 	 0.000466	           	        	 2145.922746781116 	           	            	            	       	         	              	         	              	 
          	          	 1971.0	 Korpiun  	       70.0 	 0.000493	           	        	 2028.397565922921 	           	            	            	       	         	              	         	              	 
          	          	 1971.0	 Korpiun  	       75.0 	 0.000521	           	        	 1919.3857965451057	           	            	            	       	         	              	         	              	 
          	          	 1971.0	 Korpiun  	       80.0 	 0.000561	           	        	 1782.5311942959   	           	            	            	       	         	              	         	              	 
          	          	 1971.0	 Korpiun  	       85.0 	 0.000604	           	        	 1655.6291390728477	           	            	            	       	         	              	         	              	 
          	          	 1971.0	 Korpiun  	       90.0 	 0.00066 	           	        	 1515.1515151515152	           	            	            	       	         	              	         	              	 
          	          	 1971.0	 Korpiun  	       95.0 	 0.000723	           	        	 1383.1258644536654	           	            	            	       	         	              	         	              	 
          	          	 1971.0	 Korpiun  	      100.0 	 0.000789	           	        	 1267.427122940431 	           	            	            	       	         	              	         	              	 
          	          	 1971.0	 Korpiun  	      105.0 	 0.000883	           	        	 1132.5028312570782	           	            	            	       	         	              	         	              	 
          	          	 1968.0	 Losee    	      110.0 	 0.00029 	           	        	 3448.2758620689656	           	            	            	       	         	              	         	              	 
          	          	 1968.0	 Losee    	      115.0 	 0.00029 	           	        	 3448.2758620689656	           	            	            	       	         	              	         	              	 
          	          	 1968.0	 Losee    	        4.0 	 0.00029 	           	        	 3448.2758620689656	           	            	            	       	         	              	         	              	 
          	          	 1968.0	 Losee    	        6.0 	 0.00029 	           	        	 3448.2758620689656	           	            	            	       	         	              	         	              	 
          	          	 1968.0	 Losee    	        8.0 	 0.00029 	           	        	 3448.2758620689656	           	            	            	       	         	              	         	              	 
          	          	 1968.0	 Losee    	       10.0 	 0.00029 	           	        	 3448.2758620689656	           	            	            	       	         	              	         	              	 
          	          	 1968.0	 Losee    	       15.0 	 0.0003  	           	        	 3333.333333333333 	           	            	            	       	         	              	         	              	 
          	          	 1968.0	 Losee    	       20.0 	 0.00031 	           	        	 3225.8064516129034	           	            	            	       	         	              	         	              	 
          	          	 1968.0	 Losee    	       25.0 	 0.00031 	           	        	 3225.8064516129034	           	            	            	       	         	              	         	              	 
          	          	 1968.0	 Losee    	       30.0 	 0.00033 	           	        	 3030.3030303030305	           	            	            	       	         	              	         	              	 
          	          	 1968.0	 Losee    	       35.0 	 0.00034 	           	        	 2941.176470588235 	           	            	            	       	         	              	         	              	 
          	          	 1968.0	 Losee    	       40.0 	 0.00035 	           	        	 2857.1428571428573	           	            	            	       	         	              	         	              	 
          	          	 1968.0	 Losee    	       45.0 	 0.00037 	           	        	 2702.702702702703 	           	            	            	       	         	              	         	              	 
          	          	 1968.0	 Losee    	       50.0 	 0.00039 	           	        	 2564.102564102564 	           	            	            	       	         	              	         	              	 
          	          	 1968.0	 Losee    	       55.0 	 0.00041 	           	        	 2439.0243902439024	           	            	            	       	         	              	         	              	 
          	          	 1968.0	 Losee    	       60.0 	 0.00043 	           	        	 2325.5813953488373	           	            	            	       	         	              	         	              	 
          	          	 1968.0	 Losee    	       65.0 	 0.00046 	           	        	 2173.913043478261 	           	            	            	       	         	              	         	              	 
          	          	 1968.0	 Losee    	       70.0 	 0.00048 	           	        	 2083.333333333333 	           	            	            	       	         	              	         	              	 
          	          	 1968.0	 Losee    	       75.0 	 0.00051 	           	        	 1960.7843137254904	           	            	            	       	         	              	         	              	 
          	          	 1968.0	 Losee    	       80.0 	 0.00054 	           	        	 1851.851851851852 	           	            	            	       	         	              	         	              	 
          	          	 1968.0	 Losee    	       85.0 	 0.00057 	           	        	 1754.3859649122808	           	            	            	       	         	              	         	              	 
          	          	 1968.0	 Losee    	       90.0 	 0.00061 	           	        	 1639.344262295082 	           	            	            	       	         	              	         	              	 
          	          	 1968.0	 Losee    	       95.0 	 0.00065 	           	        	 1538.4615384615386	           	            	            	       	         	              	         	              	 
          	          	 1968.0	 Losee    	      100.0 	 0.0007  	           	        	 1428.571428571429 	           	            	            	       	         	              	         	              	 
          	          	 1968.0	 Losee    	      105.0 	 0.00075 	           	        	 1333.3333333333333	           	            	            	       	         	              	         	              	 
