Year	Author	Temperature	Pressure	Molar Density	Enthalpy	Entropy	Gibbs Energy	Volume
1970.	Leming	114.914	0.067362407042	70.50765077468245	3588.1413351029064	98.09034434948899	-7683.81249547427	0.014182858016297364
1970.	Leming	114.855	0.06696670734599999	70.12951854284863	3586.9225889821164	98.12871774431817	-7683.651287541548	0.014259330746567257
1970.	Leming	114.457	0.064321598866	67.5939370585122	3578.7011506703293	98.39206552012399	-7682.959492566502	0.014794226280004335
1970.	Leming	114.01	0.061448243122	64.82779804291688	3569.466224028323	98.69117110604061	-7682.314193771369	0.015425481509305413
1970.	Leming	113.608	0.058925657560000004	62.386618762543996	3561.160424038563	98.96669810157958	-7682.248213885689	0.01602907834781367
1970.	Leming	113.141	0.056158826094	59.70286628597463	3551.5086961779007	99.28140366852725	-7681.2885962829405	0.01674961458650972
1970.	Leming	113.072	0.055688466078	59.23896843042957	3550.084265217069	99.33873620360819	-7682.345314797317	0.016880780109707734
1970.	Leming	112.649	0.053347065114	56.96151171787433	3541.3389248237568	99.61836190446225	-7680.5699253520115	0.01755571384679742
1970.	Leming	112.494	0.052415277656	56.04374257161292	3538.1364445319277	99.73641043518566	-7681.611310963846	0.017843205219961817
1970.	Leming	112.179	0.05076821766799999	54.435172938394906	3531.6223372935015	99.94386341399735	-7679.98031662531	0.0183704753015429
1970.	Leming	111.939	0.049366203516	53.04542109760301	3526.663261554789	100.13243335862332	-7682.061196176145	0.01885176852795665
1970.	Leming	111.65	0.047985387562	51.69522393816176	3520.6842508766845	100.31480992355172	-7679.464277087866	0.019344146786097843
1970.	Leming	111.433	0.046831885617999995	50.55082440988544	3516.1980550149306	100.47688347658847	-7680.242501431753	0.019782071047775938
1970.	Leming	111.169	0.045583991697999995	49.32072720725704	3510.7364901929514	100.652349678548	-7678.684571221549	0.02027545124786522
1970.	Leming	110.772	0.043606826438	47.3506239108826	3502.5266413277636	100.94702472397222	-7679.577181396088	0.021119045904908762
1970.	Leming	110.512	0.04243439277	46.18596925406349	3497.1471062174714	101.12499177823452	-7678.377985178779	0.0216515971441266
1970.	Leming	110.305	0.041437410854	45.185496170876455	3492.8660402283617	101.28387760900868	-7679.252079433341	0.022130995225068107
1970.	Leming	109.982	0.040042996056	43.79321901721552	3486.1820477152933	101.50777645918076	-7677.846222818325	0.022834585409373328
1970.	Leming	109.6	0.038281279148	42.01244084121171	3478.2806861901404	101.80986886310879	-7680.080941206581	0.0238024732668962
1970.	Leming	109.476	0.037857315188	41.59422769603069	3475.7120348927333	101.87900737201974	-7677.594176166499	0.02404179751353886
1970.	Leming	108.828	0.03517101021	38.87286042201746	3462.3022922658197	102.36806338229405	-7678.209309502478	0.025724888499164916
1970.	Leming	108.746	0.034897433466	38.599578427314064	3460.603702318425	102.41737068107157	-7676.875689765385	0.025907018696669858
1970.	Leming	108.341	0.033287970282	36.957007214244506	3452.221691896653	102.73270068380222	-7677.9418328871625	0.027058468078945675
1970.	Leming	108.029	0.032166332296	35.81488119766043	3445.7616259704846	102.95794802213166	-7676.682540912376	0.027921354659284026
1970.	Leming	107.926	0.031813028996	35.45530883780227	3443.628583617822	103.0300140595507	-7675.988713773245	0.028204520924488607
1970.	Leming	107.799	0.027915760292	31.148207552376267	3441.0941353744342	104.09300221543346	-7780.027410447079	0.03210457610822331
1970.	Leming	107.317	0.029629881246	33.20958801398723	3431.020069477035	103.50390459817191	-7676.70846028498	0.030111785776409498
1970.	Leming	107.279	0.029465895186	33.03748402530191	3430.2341496501845	103.54272015821948	-7677.725326203442	0.030268648763754086
1970.	Leming	106.799	0.027915760292	31.440115842367057	3420.292614231928	103.89913580503192	-7676.031190609676	0.03180649858333067
1970.	Leming	106.138	0.025840203396	29.283734519451667	3406.601837417831	104.4128666898204	-7675.5710073063265	0.03414864997276054
1970.	Leming	105.588	0.024187810528000002	27.55389148611115	3395.209039303284	104.85464584139207	-7676.18330579762	0.0362925142716796
1970.	Leming	105.304	0.023407210217999998	26.736559059549762	3389.3244757486955	105.07157088801925	-7675.132225043285	0.0374019707537055
1970.	Leming	104.978	0.022487021774	25.765229602116786	3382.5706501252034	105.34076621134317	-7675.8923052091795	0.03881199645579107
1970.	Leming	104.54	0.02133885271	24.552091412385447	3373.4943955218127	105.68984368568685	-7675.3218633798915	0.04072972779400553
1970.	Leming	104.37	0.020877958556	24.060909487017508	3369.972243085153	105.83766053953185	-7676.3043874257855	0.041561188721464075
1970.	Leming	103.886	0.019654729205999998	22.75669140121839	3359.942276265154	106.24329216801593	-7677.24837390135	0.04394311907514201
1970.	Leming	102.776	0.017134676762	20.053115404800618	3336.9334064830077	107.16139103307425	-7676.685718332233	0.049867563209684856
1970.	Leming	102.463	0.016471799778	19.33620287325061	3330.444412873343	107.42617634189563	-7676.763893646306	0.0517164619421419
1970.	Leming	102.226	0.015973708786	18.794952790863043	3325.53105765946	107.6334509023276	-7677.406094281882	0.05320577343967253
1970.	Leming	101.834	0.015193508441999999	17.94574662429887	3317.403262330602	107.97011477176325	-7677.625405337139	0.05572351047495464
1970.	Leming	101.224	0.014033473720000002	16.675428396860102	3304.7544094208283	108.50584311112979	-7678.641053660173	0.05996847434446091
1970.	Leming	100.749	0.013192745187999998	15.75030608254054	3294.903469859015	108.92191545528881	-7678.870590345877	0.06349082962321066
1970.	Leming	100.213	0.01228362247	14.74334687067561	3283.786751115966	109.40489577202067	-7680.006068885541	0.067827204282156
1970.	Leming	99.378	0.010980533242	13.290015409302207	3266.4661850752054	110.1636834843958	-7681.380352237081	0.07524445752711924
1970.	Leming	98.506	0.009748771284	11.903592327075037	3248.375235366246	110.97005719945469	-7682.841219123237	0.08400825335100509
1970.	Leming	97.418	0.008374354786	10.339538512447625	3225.7993857754163	112.0030552538443	-7685.3142509435875	0.09671611540458155
1970.	Leming	96.734	0.007597887458	9.44716647378203	3211.6044301627812	112.66581606776873	-7687.010621336759	0.10585184486535942
1970.	Leming	95.974	0.006810354404	8.534984139446763	3195.8304295111134	113.41188058996966	-7688.761398230634	0.11716483401278117
1970.	Leming	94.889	0.005804706558	7.357821262628702	3173.3080917706557	114.50425594831472	-7691.886250908978	0.1359097977928773
1970.	Leming	94.238	0.005261686052	6.715566602152389	3159.793205798325	115.17792809032164	-7694.344381577404	0.1489077629994009
1970.	Leming	90.45	0.0028881544859999998	3.840520865769523	3081.13279155642	119.31311037019789	-7710.73804142798	0.2603813479866697
1970.	Leming	90.25	0.0027950957299999997	3.7250104932568338	3076.9787525039615	119.53943534763997	-7711.455287620546	0.2684556196043584
1970.	Leming	90.029	0.0026933710440000002	3.5982513508040657	3072.3885286171485	119.79674337319946	-7712.792480528626	0.2779127699838256
1970.	Leming	89.66	0.002533517966	3.398619400107995	3064.7239869517616	120.22013888854987	-7714.213665795621	0.2942371246301436
1970.	Leming	89.644	0.0025268518659999997	3.390281928630175	3064.3916405757795	120.23833678106064	-7714.25382182562	0.29496072039178306
1970.	Leming	89.114	0.002309670328	3.117314836842354	3053.382614160004	120.8623607107113	-7717.145798214322	0.32078890081341216
1970.	Leming	88.189	0.001969565906	2.6861585006143094	3034.1675818677886	121.97000383602217	-7722.2450864271705	0.37227885092086177
1970.	Leming	87.877	0.00186584139	2.5537283273249582	3027.6860621073824	122.34618914695122	-7723.73000155925	0.39158433154379596
1970.	Leming	87.366	0.001703988482	2.345842456600548	3017.0702739841563	122.97947584585786	-7727.154612765062	0.42628608634236215
1970.	Leming	87.328	0.001694389298	2.3336423354640026	3016.2807448567874	123.01740670187704	-7726.58334760473	0.42851468059314585
1970.	Leming	86.882	0.0015642670260000002	2.1654852429112252	3007.0149498880346	123.57538566151759	-7729.461707155937	0.4617902630708416
1970.	Leming	86.468	0.0014562762059999999	2.025639235674054	2998.4135060182894	124.07090924997756	-7729.749875008772	0.4936713223108748
1970.	Leming	86.027	0.001339086168	1.872177653182662	2989.2512747007654	124.66220841323468	-7735.064528464573	0.5341373444448615
1970.	Leming	85.316	0.00117590004	1.6577254071075394	2974.4785750385063	125.57024944607451	-7738.6728267027875	0.6032362149439677
1970.	Leming	84.635	0.0010337787879999998	1.4690944083997348	2960.328757142115	126.47472705573819	-7743.859767220286	0.6806914479303524
1970.	Leming	84.138	0.00094191993	1.3464601314806561	2950.001667758577	127.12604658619868	-7746.12963991101	0.7426881618101341
1970.	Leming	83.879	0.000897657026	1.287148619047424	2944.619814918138	127.46217144241075	-7746.779663499835	0.7769110615525244
1970.	Leming	83.215	0.000785666546	1.1355535898256222	2930.822351456734	128.40495932787684	-7754.396339012538	0.8806277475231812
1970.	Leming	82.761	0.0007182056139999999	1.0437433922653385	2921.3882018582367	129.03771340419922	-7757.901997186694	0.9580898977761211
1970.	Leming	81.896	0.000606481778	0.890687168578574	2903.412813859957	130.22517863465015	-7761.50841560335	1.122728647360976
1970.	Leming	80.746	0.000480492488	0.7157066576385525	2879.5141001663314	131.86740623246342	-7768.251483480159	1.397220480384328
1970.	Leming	80.156	0.000424097282	0.6363537550668718	2867.2527293139174	132.7530393236386	-7773.699890711659	1.5714529725607012
1970.	Leming	79.054	0.00033663805	0.5121627685504522	2844.350267927601	134.38558276663508	-7779.367592105967	1.9525042845856373
1970.	Leming	78.199	0.00028130942	0.4326646251014145	2826.5806152893456	135.65245823523261	-7781.305966247609	2.311258979782793
1970.	Leming	77.853	0.000261577764	0.4041044736462837	2819.3895130243604	136.1649493365706	-7781.460287675669	2.4746075958449025
1970.	Leming	76.773	0.000207182388	0.3245728209808933	2796.943014113398	137.81297026307888	-7783.372151893955	3.080972698138724
1970.	Leming	75.278	0.000151053826	0.24134098986919836	2765.8704117515085	140.03129804494145	-7775.4056424755945	4.143514951778306
1970.	Leming	74.027	0.00011212380199999999	0.18216913347141378	2739.8688905659346	142.16096174120267	-7783.880624250078	5.489404164931823
1970.	Leming	72.279	0.000069727406	0.11602675021282284	2703.536928438036	145.61372529773888	-7821.27752235723	8.618702136927418
1970.	Leming	71.057	0.000051862258000000005	0.08778314651857273	2678.137214181164	147.72040240577863	-7818.431419566251	11.391708313718565
1970.	Leming	70.342	0.00003932999	0.0672474127537052	2663.2758353199038	149.81000552208172	-7874.659573114368	14.870460573145277
1970.	Leming	68.663	0.000024797892	0.04343684687303898	2628.376722296603	153.14271734090903	-7886.861678482235	23.02192889191261
1970.	Leming	68.07	0.000018665080000000004	0.032979216304683354	2616.0509121748673	155.32459774816348	-7956.894456542621	30.322127450250864
1970.	Leming	67.589	0.000017465182	0.03107873333231717	2606.0528387281443	155.72965183360748	-7919.558599053553	32.176343524275865
1970.	Leming	66.822	0.000012265624	0.022076810231998215	2590.1101897212598	158.43082821397624	-7996.554613193062	45.296398777328626
1970.	Leming	66.59	0.0000117190038	0.021166440073240783	2585.2878351863797	158.73758133196898	-7985.047705709436	47.24460025114136
1970.	Leming	65.675	8.252631799999999e-6	0.015113271420638336	2566.2687300300922	161.36569645117277	-8031.423384400681	66.16701124247811
1970.	Leming	65.62	8.1059776e-6	0.014857141706136211	2565.1255011839976	161.49736325862935	-8032.331475847261	67.30769752212741
1970.	Leming	64.909	6.2261374e-6	0.011536653481341816	2550.3466714508145	163.46464911270658	-8059.9802378058575	86.6802493129655
1970.	Leming	64.084	4.4929514e-6	0.008432340779790864	2533.198213829491	165.9113249073204	-8099.06313153123	118.59103256317894
1970.	Leming	63.138	3.0797382e-6	0.005866634037995067	2513.5346129480185	168.74227836483098	-8140.515358450682	170.45549347778166
1970.	Leming	62.152	2.2931384e-6	0.004437528597619242	2493.0395233120926	170.86723628079952	-8126.70094601216	225.35066039608296
1970.	Leming	61.244	1.8131792e-6	0.0035607639093338922	2474.1657326627565	172.51388888048487	-8091.274877933658	280.838613697101
1970.	Leming	61.128	1.5865318000000001e-6	0.0031215808602542876	2471.754556608387	173.58472286021026	-8139.132382390547	320.35050340439966
1970.	Leming	60.122	1.0665759999999998e-6	0.0021336558599662357	2450.8437285609316	176.54143972792062	-8163.180710761113	468.6791430441011
1970.	Leming	59.727	9.99915e-7	0.002013531212742054	2442.6332039851095	176.94102765744304	-8125.523554910991	496.6399297273304
1970.	Leming	58.304	6.132811999999999e-7	0.001265107054459568	2413.0545426571985	180.504298008829	-8111.068048449569	790.4469400237301
1970.	Leming	57.565	4.66627e-7	0.0009749387428305794	2397.6935897485455	182.51143734810557	-8108.577301195152	1025.705468526832
1970.	Leming	56.297	2.799762e-7	0.000598138602760291	2371.336767412622	186.29569641230432	-8116.552053510873	1671.853305212535
1970.	Leming	55.415	2.266474e-7	0.0004919142145354667	2353.0033878012537	187.72438474093084	-8049.74339261743	2032.8747786732245
1970.	Leming	54.38	1.3332199999999998e-7	0.0002948686373577074	2331.489731272822	191.74437261561542	-8095.569251564346	3391.340662611373
1970.	Leming	53.467	1.1465691999999999e-7	0.000257917268180529	2312.511978244922	192.64643660009506	-7987.715047452361	3877.2122822735964
1970.	Leming	51.961	6.932743999999999e-8	0.00016046991684710128	2281.2080411986	196.23558580439143	-7915.389232783384	6231.6976268693315
1970.	Leming	49.259	3.9996599999999996e-8	0.00009765701544609162	2225.0438678768473	199.6989156483222	-7611.925018043858	10239.919737789012
1970.	Leming	46.017	2.7997619999999998e-8	0.0000731760185346239	2157.6551721698	201.24932916932076	-7103.235208214832	13665.679276153032
1970.	Leming	45.13	2.7997619999999998e-8	0.00007461424430581759	2139.2178574504683	200.84475421295926	-6924.905900180384	13402.26667580189
2018.	Shakeel	38.5	1.6799999999999997e-12	5.248249998919188e-9	2001.4056898698993	278.36760144959607	-8715.746965939548	1.9053970375000003e8
2018.	Shakeel	38.996	2.68e-12	8.265720093521218e-9	2011.7156200217416	274.75063756108307	-8702.460242310255	1.2098159491074629e8
2018.	Shakeel	39.495	4.009999999999999e-12	1.2211477584310534e-8	2022.0879086220375	271.66441871446335	-8707.298308505691	8.189017202019951e7
2018.	Shakeel	39.994	6.2999999999999994e-12	1.8945744201499153e-8	2032.460197222191	268.16926934009325	-8692.7015607655	5.278230241918242e7
2018.	Shakeel	40.495	9.679999999999999e-12	2.8750136842294817e-8	2042.8740581211912	264.8568750195321	-8682.50509579476	3.478244314054474e7
2018.	Shakeel	40.999	1.4749999999999998e-11	4.326978312106184e-8	2053.3502774684575	261.61208836071427	-8672.483733232468	2.3110816090807803e7
2018.	Shakeel	41.499	2.262e-11	6.555728073445183e-8	2063.7433522173387	258.3088594756592	-8655.81600716304	1.5253835863794109e7
2018.	Shakeel	41.999	3.421999999999999e-11	9.799569953069401e-8	2074.136426965724	255.11581920728395	-8640.472863920995	1.0204529431281647e7
2018.	Shakeel	42.505	5.092e-11	1.4408352886992252e-7	2084.6542186104484	252.0602075369955	-8629.164902749546	6.940418574164658e6
2018.	Shakeel	38.498	1.8599999999999997e-12	5.810864361887121e-9	2001.3641175708694	277.52025350139843	-8682.610601725966	1.7209143730129033e8
2018.	Shakeel	38.996	2.8399999999999996e-12	8.759195920000096e-9	2011.7156200217157	274.2685048384368	-8683.658994657968	1.1416573040873243e8
2018.	Shakeel	39.496	4.34e-12	1.3216077522006557e-8	2022.1086947714846	271.0074116937567	-8681.60003748513	7.566541572829492e7
2018.	Shakeel	39.998	6.559999999999999e-12	1.9725659195586056e-8	2032.5433418201508	267.8351033472594	-8680.32512186353	5.069539071341994e7
2018.	Shakeel	40.495	9.969999999999999e-12	2.961145292538149e-8	2042.8740581211466	264.61144311899585	-8672.566330982589	3.377071711137986e7
2018.	Shakeel	41.004	1.5269999999999996e-11	4.478976402305043e-8	2053.45420821588	261.3265517725512	-8661.979720665811	2.2326529773306325e7
2018.	Shakeel	41.503	2.3119999999999997e-11	6.699992268278706e-8	2063.8264968152657	258.12907911191417	-8649.304673566508	1.49253903580535e7
2018.	Shakeel	42.003	3.5289999999999995e-11	1.0105023089079543e-7	2074.2195715635694	254.86180182076274	-8630.740690313929	9.896068432349214e6
2018.	Shakeel	42.504	5.406e-11	1.529720900964742e-7	2084.633432460502	251.56219147887228	-8607.765954157487	6.537140202303143e6
1935.	Keesom	115.94	0.073193778	75.93248832603423	3609.3629299295444	97.58394153990754	-7704.519252207336	0.013169593438137596
1935.	Keesom	115.32	0.06969274228	72.68967232461277	3596.5378373584963	97.88053225233637	-7691.045141980933	0.0137571125033315
1935.	Keesom	115.29	0.06961808196000001	72.63072452308083	3595.9150573751917	97.8840424827365	-7689.136200459499	0.013768277909470899
1935.	Keesom	113.84	0.06038953312	63.80607845919616	3565.953516168403	98.8048286456616	-7681.988176853715	0.015672488016004585
1935.	Keesom	112.28	0.05124364392	54.89548430275601	3533.7122681329743	99.88499163748958	-7681.374592924355	0.018216434606622013
1935.	Keesom	111.73	0.04832389212	52.022602440573564	3522.340421369105	100.27119579342028	-7680.960284629742	0.01922241397174083
1935.	Keesom	111.51	0.04723065172	50.94604113909391	3517.7901751405557	100.42067521618492	-7680.119318216226	0.01962861053854567
1935.	Keesom	110.54	0.04270836948	46.47240347850404	3497.722564656293	101.0766931394466	-7675.295094978136	0.02151814679571185
1935.	Keesom	106.8	0.027906961039999997	31.429910320551798	3420.3136636907398	103.90195387336284	-7676.415009984413	0.031816826386109893
1935.	Keesom	106.52	0.027049700580000002	30.544501092490606	3414.5134515344726	104.10696503801805	-7674.960464315209	0.03273911716455735
1935.	Keesom	102.85	0.017414519639999997	20.365973494242336	3338.4638284826656	107.04159190887256	-7670.763899344875	0.04910150748662763
1935.	Keesom	98.04	0.00914055632	11.21397004708698	3238.7062275315693	111.40725508379624	-7683.661060883815	0.08917448466520268
1935.	Keesom	93.14	0.0044529548	5.750348567528759	3136.995646320279	116.32208605197579	-7697.243448560746	0.1739025014321445
1935.	Keesom	90.21	0.00276109862	3.6813333196896183	3076.148555041041	119.63198154065618	-7715.852499741552	0.2716407108944735
1935.	Keesom	90.16	0.0027517660800000002	3.670924986405995	3075.10950156994	119.64860996644646	-7712.409173004872	0.27241090561729137
1935.	Keesom	90.06	0.00268777152	3.589534203847655	3073.0331903846777	119.82120604641239	-7718.064626155221	0.2785876782921
1935.	Keesom	86.95	0.00158786502	2.1964343881710318	3008.4275068368497	123.46714760253444	-7727.040977203519	0.45528334713093743
1935.	Keesom	86.	0.0013398860999999998	1.8738842331816543	2988.6899805655403	124.65071750673974	-7731.271725014077	0.5336508959799012
1935.	Keesom	82.91	0.00073193778	1.0617883944892244	2924.4848132301745	128.91762515115954	-7764.075488052463	0.9418072425636675
1935.	Keesom	78.66	0.0003133067	0.47905376480977757	2836.1615570585036	134.87892859186292	-7773.414965977433	2.087448368967687
1958.	Fisher	80.	0.00042263074	0.6353898446019034	2864.0100892345163	132.7413470741193	-7755.297676695028	1.5738369262520069
1958.	Fisher	79.	0.00033997110000000004	0.5175872801318909	2843.227627345227	134.28946096869896	-7765.639789181991	1.9320412969676946
1958.	Fisher	78.	0.00027197688	0.41937799896841405	2822.444586658413	135.88001265952371	-7776.196400784439	2.3844836936124447
1958.	Fisher	77.	0.00021598163999999998	0.3373603145219723	2801.661063538385	137.5285048491749	-7788.033809848081	2.96418979042323
1958.	Fisher	76.	0.00017198538000000001	0.27217329562055975	2780.877020849181	139.15070679371277	-7794.57669547299	3.674129740465474
1958.	Fisher	75.	0.00013598844	0.21807608052062272	2760.092639827419	140.82797066538282	-7802.005160076293	4.585555635504158
1958.	Fisher	74.	0.00010732421	0.17443477070962124	2739.3079317386173	142.51713412688937	-7806.959993651197	5.732801986277632
1958.	Fisher	73.	0.00008465947	0.13948245233573767	2718.5229482729246	144.20666977030717	-7808.5639449595	7.169360613139892
1958.	Fisher	72.	0.000066394356	0.1109086436593567	2697.7377626726698	145.94059002363062	-7809.984719028733	9.016429802093572
1961.	Beaumont	115.758	0.07316044749999999	76.01745284275394	3605.57450479863	97.55502698716347	-7687.200309181438	0.01315487381652411
1961.	Beaumont	115.661	0.07226585687999999	75.1509669827623	3603.576115777573	97.64004518319283	-7689.569150155691	0.013306548673277541
1961.	Beaumont	115.626	0.07198188102	74.87833798352848	3602.854147801745	97.66653729978752	-7689.936894023488	0.013354997278651899
1961.	Beaumont	115.112	0.06845951378000001	71.53258620731688	3592.2370239745765	97.9916391578054	-7687.776542758717	0.01397964274773715
1961.	Beaumont	113.447	0.05776442294	61.24402086765022	3557.8379468696266	99.10290797597919	-7685.089654281285	0.016328124539063554
1961.	Beaumont	113.228	0.056435202600000005	59.95053741843631	3553.3126122175413	99.25652652173736	-7685.305372785735	0.016680417608608035
1961.	Beaumont	110.836	0.04384427292	47.58095231532328	3503.852207507954	100.91384073326157	-7681.034244003825	0.021016813479749406
1961.	Beaumont	110.495	0.04223774282	45.978997819956	3496.798517627224	101.1604545951718	-7680.925912866283	0.021749060384390888
1961.	Beaumont	108.125	0.032485238519999994	36.13784428871392	3447.7500211310153	102.89432685039941	-7677.699069568421	0.027671822148846503
1961.	Beaumont	107.651	0.0307507193	34.35891042666717	3437.9370379279885	103.25956767791541	-7678.058682167283	0.029104531767219964
1961.	Beaumont	104.906	0.022320769239999996	25.592291250712197	3381.077969106992	105.3882368332285	-7674.780404119678	0.03907426616099375
1961.	Beaumont	104.691	0.021699488719999997	24.931028104064413	3376.6243972481125	105.58042987035661	-7676.6963863093915	0.04011066033161199
1961.	Beaumont	101.984	0.015524013679999999	18.309164764471983	3320.5123566914167	107.82171006016696	-7675.5769220846505	0.05461745594973561
1961.	Beaumont	98.959	0.01045511124	12.707647791620428	3257.7710487398094	110.48366156225335	-7675.581615799221	0.07869276961385503
1961.	Beaumont	95.931	0.00676742472	8.484983280615007	3194.937919458571	113.45515334780079	-7688.928396349306	0.11785527053242682
1961.	Beaumont	92.603	0.0041663125	5.411384195329389	3125.8423899425165	116.75518730610759	-7686.038220164963	0.18479560199460765
1961.	Beaumont	89.273	0.00238513058	3.213430327701947	3056.684888507917	120.63208887574609	-7712.503581696563	0.3111939261229106
1961.	Beaumont	89.266	0.0023744648199999995	3.1993111353017434	3056.539800483846	120.6677264095839	-7714.985465194072	0.3125672864279532
1961.	Beaumont	86.319	0.0014265454	1.9877092667571568	2995.317444279621	124.20657110355687	-7726.069566808304	0.5030916828352103
1961.	Beaumont	83.282	0.00080926454	1.168720032809755	2932.213996252763	128.17562584232323	-7742.5084751476	0.8556369121147602
1972.	Lee	115.77	0.072916068274	75.75565065432562	3605.8301069172453	97.58505297667725	-7691.591476192679	0.013200335438514253
1972.	Lee	115.77	0.072914601732	75.75412692614175	3605.830141504632	97.58522049527804	-7691.610835233707	0.013200600951747134
1972.	Lee	115.77	0.07291286854600001	75.75232615647367	3605.830182380635	97.58541847614268	-7691.6337146024025	0.013200914753883655
1972.	Lee	115.77	0.07290886888600001	75.74817053417816	3605.830276709881	97.58587537299188	-7691.6865152213895	0.013201638969601151
1972.	Lee	115.77	0.072908068954	75.74733940972162	3605.8302955757317	97.58596675536428	-7691.697075692789	0.0132017838222798
1972.	Lee	115.77	0.072903002718	75.74207562151709	3605.830415059461	97.58654553363333	-7691.763961369271	0.013202701296396956
1972.	Lee	115.77	0.072895536686	75.73431846001559	3605.8305911407747	97.5873985432184	-7691.862538207619	0.013204053595965961
1972.	Lee	115.77	0.072890603772	75.72919319263617	3605.8307074802333	97.58796218668704	-7691.927674872525	0.013204947231594684
1972.	Lee	115.76	0.07287473845399998	75.71926139561486	3605.6228841264438	97.58797679448824	-7691.161309603515	0.013206679272467298
1972.	Lee	115.76	0.072872738624	75.71718340443373	3605.622931300336	97.5882053591886	-7691.187721079337	0.013207041718108119
1972.	Lee	115.76	0.072869538896	75.7138586185552	3605.623006778568	97.58857107573361	-7691.229980948355	0.013207621672512805
1972.	Lee	115.76	0.072869538896	75.7138586185552	3605.623006778568	97.58857107573361	-7691.229980948355	0.013207621672512805
1972.	Lee	115.76	0.072864605982	75.70873290701962	3605.6231231408556	97.58913492014953	-7691.295135215654	0.013208515868679677
1972.	Lee	115.76	0.072858339848	75.7022218680895	3605.623270952432	97.5898512098969	-7691.377905105233	0.013209651914081093
1972.	Lee	115.76	0.07285287364599999	75.69654202566191	3605.623399894466	97.59047610862417	-7691.450114439866	0.013210643092005307
1972.	Lee	115.76	0.072839674768	75.68282728435712	3605.623711242381	97.59198520340759	-7691.624495904081	0.013213037037355633
1972.	Lee	115.76	0.072832608702	75.67548504921005	3605.623877923633	97.59279321482856	-7691.717864624921	0.013214319001057247
1972.	Lee	115.76	0.072823276162	75.66578775760995	3605.624098068731	97.59386051966555	-7691.841195687754	0.013216012541935464
1972.	Lee	115.76	0.072815010198	75.65719872800541	3605.624293054436	97.59480596083961	-7691.950444972358	0.013217512897815474
1972.	Lee	115.75	0.072799678168	75.64781400873083	3605.416457473337	97.59476128279317	-7691.177161009973	0.01321915263651354
1972.	Lee	115.75	0.07278834579799999	75.63603770566377	3605.4167248448966	97.59605789930944	-7691.326977000172	0.013221210818730105
1972.	Lee	115.75	0.072785546036	75.63312826610935	3605.4167909014113	97.5963782709044	-7691.3639939557725	0.013221719409536741
1972.	Lee	115.75	0.07276461448199999	75.6113767421589	3605.4172847526593	97.59877381983272	-7691.640784892978	0.013225522971365585
1972.	Lee	115.74	0.07273968326800001	75.59201115158945	3605.2096759316228	97.59982925854824	-7690.994562452748	0.01322891116092462
1972.	Lee	115.74	0.072725551136	75.57732413674158	3605.210009425428	97.60144757872035	-7691.181533335666	0.013231481948086786
1972.	Lee	115.74	0.072717951782	75.56942640245477	3605.210188757054	97.60231793729105	-7691.28208930501	0.01323286476563115
1972.	Lee	115.74	0.072715018698	75.56637815415459	3605.2102579727784	97.60265388944646	-7691.320903191754	0.01323339856199024
1972.	Lee	115.74	0.07268702107799999	75.53728123915202	3605.210918668609	97.60586138650719	-7691.691478205733	0.013238496059104734
1972.	Lee	115.74	0.07267582202999999	75.52564247345008	3605.2111829470796	97.60714473067758	-7691.839748181541	0.013240536157657119
1972.	Lee	115.73	0.07264662451199999	75.5018335725376	3605.003675281832	97.60869261225643	-7691.250320734606	0.013244711455110032
1972.	Lee	115.73	0.072637425294	75.49227232931031	3605.0038924103937	97.60974735892505	-7691.372169438001	0.013246388923595087
1972.	Lee	115.73	0.072633558956	75.48825383581455	3605.003983667342	97.6101906980502	-7691.423385818009	0.013247094073403527
1972.	Lee	115.73	0.07262182662000001	75.47605978671108	3605.0042605850344	97.6115361472045	-7691.578817730943	0.013249234297947122
1972.	Lee	115.72	0.07256809785400001	75.4267456657857	3604.7973323608185	97.6159014048456	-7691.314778207915	0.013257896667463007
1972.	Lee	115.72	0.072557032128	75.41524346394908	3604.797593596075	97.61717154548155	-7691.46149764705	0.013259918738816143
1972.	Lee	115.72	0.072548099554	75.40595855415532	3604.7978044727843	97.61819698079084	-7691.579950144332	0.013261551463228419
1972.	Lee	115.72	0.072526368068	75.38336989347233	3604.7983175014065	97.62069222295199	-7691.868186538595	0.013265525293087128
1972.	Lee	115.71	0.07251303586800001	75.37603706745962	3604.5904360472305	97.62042420052106	-7691.068848195062	0.013266815806527818
1972.	Lee	115.71	0.072471306082	75.33265753631093	3604.5914213818946	97.62521865292068	-7691.622628947555	0.013274455365098359
1972.	Lee	115.71	0.07246717309999999	75.32836116115188	3604.591518971011	97.62569365282334	-7691.677493597176	0.013275212477551113
1972.	Lee	115.7	0.072409044708	75.2744517293224	3604.3846957327005	97.63057779585795	-7691.473155248064	0.013284719808998093
1972.	Lee	115.7	0.07237878061399998	75.24298845007252	3604.385410478038	97.63405963511832	-7691.8752893051515	0.013290274889381221
1972.	Lee	115.69	0.07236118210999999	75.23120644102163	3604.1776304716363	97.63428546391773	-7691.132854849006	0.013292356288131064
1972.	Lee	115.69	0.072329451474	75.19821565007469	3604.178379999713	97.63793847587714	-7691.554722274512	0.01329818788059244
1972.	Lee	115.68	0.072273322912	75.1463650175871	3603.9715105560904	97.6426045619363	-7691.324985168701	0.013307363566633756
1972.	Lee	115.67	0.072203595506	75.0803640314404	3603.7649629188163	97.6488440088332	-7691.276823582921	0.013319061686771303
1972.	Lee	115.67	0.072186796934	75.06289529145855	3603.765359884584	97.65078197213523	-7691.5005908323	0.013322161317081391
1972.	Lee	115.67	0.07215533294200001	75.03017606525025	3603.7661034082457	97.65441301979794	-7691.919850591783	0.013327970857090175
1972.	Lee	115.66	0.072099737668	74.97885648001827	3603.559222554686	97.6590327825408	-7691.6845090739835	0.013337093241299275
1972.	Lee	115.65	0.072021344332	74.90381630805255	3603.3528811020287	97.66629335336333	-7691.753945214439	0.013350454613518734
1972.	Lee	115.63	0.071877623216	74.76728842353876	3602.9398911858393	97.67932952644728	-7691.720981957258	0.013374833046441912
1972.	Lee	115.62	0.071824427738	74.71842484207869	3602.7329556198883	97.68369517108071	-7691.455880060464	0.01338357978120594
1972.	Lee	115.61	0.07174790091	74.64527802105826	3602.526572475694	97.69077315762648	-7691.503712277503	0.013396694694041984
1972.	Lee	115.6	0.071705371192	74.60749337031179	3602.31938548198	97.69391069409309	-7691.09669075518	0.013403479393638567
1972.	Lee	115.6	0.071608712742	74.50691778801476	3602.3216727715103	97.70514530365807	-7692.393124331363	0.013421572515523663
1972.	Lee	115.6	0.071662441508	74.56282393763115	3602.3204013532927	97.69889854297307	-7691.6722702143925	0.013411509210494232
1972.	Lee	115.6	0.071650042562	74.54992251812307	3602.320694757336	97.700339688046	-7691.83857318078	0.013413830172082341
1972.	Lee	115.59	0.071624844704	74.53016212166538	3602.11309813357	97.7014681794777	-7691.19960873226	0.013417386619494648
1972.	Lee	115.58	0.07156858281999999	74.47806977406296	3601.906237053021	97.70621179067501	-7690.977721713197	0.013426771169467803
1972.	Lee	115.58	0.07156804953200001	74.47751477800793	3601.9062496775146	97.70627385147372	-7690.984882075818	0.013426871223894339
1972.	Lee	115.57	0.07146459166	74.37629193005785	3601.7005065440308	97.71652102613875	-7691.397828446825	0.013445144602535205
1972.	Lee	115.39	0.07016936843	73.14234598470794	3597.9838103916827	97.83640159308406	-7691.358569434287	0.013671970546433834
1972.	Lee	115.38	0.07013110501599999	73.10880610749369	3597.776532240913	97.83914006079885	-7690.90344797406	0.013678242789653482
1972.	Lee	115.37	0.07002604727999999	73.00562031937014	3597.570842168576	97.84982114581398	-7691.363023423984	0.013697575551380885
1972.	Lee	115.36	0.06998405084999999	72.96817032441204	3597.363653667566	97.85301282755772	-7690.959906119493	0.013704605659619269
1972.	Lee	115.28	0.069381968698	72.39067033280615	3595.7124944291777	97.91053070008874	-7691.413484677053	0.013813934798540164
1972.	Lee	115.21	0.068856280052	71.88588131445316	3594.2677366235876	97.96122709118045	-7691.845236551311	0.013910937470817973
1972.	Lee	115.09	0.068067147134	71.13620249637823	3591.7884035502343	98.03552911916464	-7691.120642774424	0.01405753983073405
1972.	Lee	115.07	0.067882629486	70.95570587693426	3591.3764563627706	98.05451776394244	-7691.756902734084	0.014093299300473485
1972.	Lee	114.21	0.062151516671999994	65.45479303306035	3573.6122092228466	98.63289217062675	-7691.250405584435	0.015277719990572931
1972.	Lee	114.21	0.062140584267999996	65.44327885896911	3573.6124751195885	98.63435704056866	-7691.417442483758	0.01528040797214653
1972.	Lee	113.79	0.062140584267999996	65.685218132387	3564.8698187360756	98.55766698525842	-7650.007107516482	0.015224125433891742
1972.	Lee	113.74	0.059240030836000004	62.646578645562556	3563.900220702975	98.94656292799749	-7690.281846727457	0.01596256366461336
1972.	Lee	113.23	0.056135761388	59.63136704364893	3553.361664478014	99.30118999182649	-7690.512078296499	0.016769697720798865
1972.	Lee	113.23	0.0561218959	59.616637116986126	3553.362008297834	99.30324680172839	-7690.744627061874	0.016773841134945153
1972.	Lee	113.23	0.056116829663999994	59.61125502852267	3553.3621339243373	99.30399845500479	-7690.829611135856	0.016775355585476635
1972.	Lee	112.64	0.05271218575	56.288071206089356	3541.167540743908	99.71637633128034	-7690.885089211509	0.01776575353485941
1972.	Lee	112.5	0.051995713321999995	55.592131463450485	3538.2718712118535	99.80443114512154	-7689.726632614319	0.017988157202741155
1972.	Lee	112.22	0.050462910288000005	54.08799317193445	3532.483324915774	100.00168535130479	-7689.705805207647	0.01848839162549826
1972.	Lee	111.63	0.047341442302	51.01059024129136	3520.284526177031	100.42355289501418	-7689.996683493401	0.01960377237882916
1972.	Lee	111.63	0.047341442302	51.01059024129136	3520.284526177031	100.42355289501418	-7689.996683493401	0.01960377237882916
1972.	Lee	111.46	0.04650324688799999	50.183885498985944	3516.768357057343	100.54054781677515	-7689.481102600414	0.019926715320203868
1972.	Lee	110.91	0.043812275639999995	47.514462881658496	3505.3928678544316	100.93380602369628	-7689.175558233722	0.02104622338866887
1972.	Lee	110.91	0.04380214316799999	47.50347333157781	3505.3931308804167	100.93573135017856	-7689.388833167885	0.021051092264768197
1972.	Lee	110.83	0.043433641159999994	47.13784341571819	3503.7380326093576	100.99104185889595	-7689.0991366120825	0.021214377399084584
1972.	Lee	110.59	0.042319469206	46.02834909640706	3498.773127603391	101.16224658701528	-7688.75972245463	0.021725741192791536
1972.	Lee	110.53	0.04202709406	45.73516785963037	3497.532301914112	101.20866080245386	-7689.060976581112	0.021865012129597593
1972.	Lee	109.64	0.038075829946000006	41.77168649636339	3479.11840283725	101.86224965343847	-7689.058649165744	0.023939660661942853
1972.	Lee	109.31	0.036732344152	40.41946556654405	3472.2883672468697	102.09850816952546	-7688.099560763958	0.02474055472984083
1972.	Lee	109.18	0.036186123917999996	39.865830383180274	3469.5983189880885	102.19844071308405	-7688.427438066429	0.02508413823036553
1972.	Lee	108.93	0.035195941424	38.863954142688826	3464.4237154087054	102.38165642647185	-7688.010119126874	0.02573078375732188
1972.	Lee	108.87	0.03492916410199999	38.590628374646414	3463.1826333752415	102.43351645831662	-7688.754303441691	0.02591302712906816
1972.	Lee	108.56	0.033758596942	37.403865803877316	3456.76497585062	102.65787616367389	-7687.774060477819	0.026735204463714527
1972.	Lee	108.22	0.032459907340000003	36.0779326554363	3449.7270661652547	102.91908903017026	-7688.176748679771	0.02771777445095147
1972.	Lee	108.19	0.03233591788	35.95008749288071	3449.106352368238	102.94517009283595	-7688.531599975683	0.02781634398519983
1972.	Lee	108.18	0.032300454228	35.91397963657321	3448.899287864762	102.95237904383242	-7688.489077097029	0.027844310491885568
1972.	Lee	107.8	0.030952568808	34.536615253109595	3441.031101644902	103.23389568085904	-7687.582852751702	0.028954777203013905
1972.	Lee	106.84	0.027692445942000002	31.1766084018056	3421.1517663544737	103.9739529914512	-7687.425371252172	0.03207532991119345
1972.	Lee	106.72	0.027303012379999998	30.772735626980793	3418.6665608173375	104.06842389895728	-7687.515637679383	0.03249629841564115
1972.	Lee	106.38	0.026236703024	29.66541397058114	3411.6243501640133	104.33353312282584	-7687.376903442199	0.03370928856720789
1972.	Lee	106.04	0.025196258136	28.580328003970944	3404.5817707011684	104.60363259168946	-7687.587429321582	0.034989101589773926
1972.	Lee	105.95	0.02493921332	28.31278630140815	3402.717093386428	104.67129091864466	-7687.206179443973	0.03531973114035281
1972.	Lee	105.95	0.024931080677999998	28.303552803150883	3402.71732628458	104.67400467490432	-7687.493469021532	0.03533125353396183
1972.	Lee	105.95	0.024921748137999997	28.292956986071065	3402.7175935448017	104.67711991163853	-7687.823261093298	0.03534448521914168
1972.	Lee	105.4	0.023328550238	26.622414677138753	3391.3235150817045	105.11853133444588	-7688.169687568891	0.03756233279841147
1972.	Lee	105.31	0.023095636704	26.379136341690316	3389.4583103641703	105.18424994711036	-7687.495051566023	0.03790874678560163
1972.	Lee	105.31	0.023085237587999997	26.367257851498103	3389.458611982274	105.18799705429673	-7687.889357805715	0.03792582473429952
1972.	Lee	104.76	0.02161482925	24.817384737178106	3378.061996806385	105.62665653789031	-7687.386542103004	0.040294334418804936
1972.	Lee	104.4	0.020692107688	23.839850925896684	3370.6016844761066	105.9180296329236	-7687.240609201119	0.04194657102128616
1972.	Lee	104.29	0.020397199423999996	23.524858651079818	3368.32259902195	106.01553063905662	-7688.037091325266	0.04250822565321126
1972.	Lee	103.95	0.019575802582	22.651337424421314	3361.2756885702297	106.28957624333054	-7687.525761923981	0.0441475035783918
1972.	Lee	103.64	0.018821466706	21.843609796536782	3354.8509893058354	106.55438019179006	-7688.444973771287	0.04577997910210546
1972.	Lee	103.58	0.018690144536	21.70376316904816	3353.6070878522887	106.60058567627257	-7688.081576496024	0.04607495908479617
1972.	Lee	103.47	0.018446698563999997	21.443830580646633	3351.3267049004726	106.68756059373607	-7687.635189733397	0.04663345927114881
1972.	Lee	103.06	0.017512911276000003	20.439290194001288	3342.82815385984	107.03714167066646	-7688.419666719045	0.04892537805904284
1972.	Lee	102.73	0.016804038202	19.674944974909362	3335.986859642171	107.31417522330845	-7688.398361048307	0.050826063365120376
1972.	Lee	102.73	0.016795772238000002	19.665266108226962	3335.987112054132	107.31826830414289	-7688.818590830467	0.0508510789783643
1972.	Lee	102.4	0.016111030446	18.924309419059682	3329.1453378304022	107.59760999611902	-7688.849925772185	0.052842086749693845
1972.	Lee	102.39	0.016099698076	18.912845302848886	3328.9377257409874	107.60143240385979	-7688.372938090217	0.052874117246090285
1972.	Lee	102.33	0.015970509057999998	18.772078763956827	3327.6939393439643	107.65626352661256	-7688.771507334301	0.053270605380158625
1972.	Lee	101.86	0.015035921838	17.75506537268152	3317.94884477985	108.06215330849693	-7689.262091223648	0.05632195539750758
1972.	Lee	101.66	0.014669286338	17.356194188433665	3313.8011779668277	108.22663219652617	-7688.518251132024	0.05761631779082131
1972.	Lee	101.57	0.014496634347999998	17.16711078312138	3311.9349946269826	108.30669875836068	-7688.776398259712	0.05825092018298123
1972.	Lee	101.3	0.013985344478000001	16.605760164129936	3306.336342025153	108.55002767034884	-7689.781460981184	0.060220067622083186
1972.	Lee	101.11	0.013645506699999999	16.23268292197478	3302.3960152276304	108.71561289202474	-7689.839604284991	0.06160411096592438
1972.	Lee	100.95	0.013368330262	15.9281506089611	3299.0776181997585	108.85338357316586	-7689.671453511334	0.06278192770461405
1972.	Lee	100.93	0.0133388661	15.896193137616397	3298.662658088889	108.86761692860885	-7689.345918515602	0.06290814356260067
1972.	Lee	100.85	0.01318621241	15.726732548178358	3297.0039277750648	108.94687133680321	-7690.288046541537	0.0635859989948027
1972.	Lee	100.43	0.01248960496	14.958186362202158	3288.292477202455	109.31154946046287	-7689.866435111832	0.06685302454359708
1972.	Lee	100.39	0.012418810978	14.879323574106467	3287.46297551068	109.35054766302429	-7690.238504380329	0.06720735623628993
1972.	Lee	99.91	0.011658475611999999	14.035428633159835	3277.5063354113468	109.77639562884308	-7690.253351866364	0.07124826937151169
1972.	Lee	99.9	0.011640743786	14.015483734187393	3277.2989711414702	109.78697464016606	-7690.4197954111205	0.07134966005923442
1972.	Lee	99.71	0.011346235488	13.68691633772426	3273.357714980518	109.96053268761833	-7690.806999301904	0.07306247626017645
1972.	Lee	99.07	0.010404182236	12.631568122712386	3260.080757180674	110.54758655166924	-7691.868642493197	0.07916673450875308
1972.	Lee	98.89	0.010149937182	12.34531444260283	3256.3463911061826	110.7155486543654	-7692.314215324012	0.08100239201271933
1972.	Lee	98.69	0.009877293692	12.03803688157848	3252.196834699644	110.89992586417533	-7692.516848835817	0.08307002294786753
1972.	Lee	98.37	0.009449996682	11.554716664541436	3245.557385809593	111.20021996024336	-7693.208251679547	0.0865447443699552
1972.	Lee	98.32	0.009386002122	11.482303284576107	3244.5198946865494	111.24616360483856	-7693.202910941177	0.08709054056630565
1972.	Lee	98.32	0.009384135614	11.480019776904347	3244.5199569769857	111.24781773062276	-7693.365482297843	0.08710786387422546
1972.	Lee	98.14	0.009153355232000001	11.218226286797822	3240.785035306823	111.4168145501288	-7693.661144642819	0.08914065151073398
1972.	Lee	98.11	0.009115358462	11.175072749101169	3240.1625377313135	111.4450549603709	-7693.7118044306735	0.08948487606762397
1972.	Lee	97.68	0.008583403682	10.56922277531849	3231.2398006372014	111.85383182241343	-7694.642491776143	0.09461433648037249
1972.	Lee	97.67	0.008576470937999998	10.561767294334878	3231.0321146301285	111.85842340080322	-7694.180098926322	0.09468112410849841
1972.	Lee	97.65	0.008559405721999999	10.542910326488867	3230.616851105592	111.87073073611003	-7693.560005275554	0.09485047003458984
1972.	Lee	97.45	0.00832129263	10.270646079089307	3226.466530089661	112.06274986155572	-7694.048443918944	0.09736485828637077
1972.	Lee	97.44	0.008310093582000001	10.257875802574539	3226.2589916095735	112.07181686014734	-7694.018843243181	0.09748607014222363
1972.	Lee	97.17	0.007984521258	9.883368472597194	3220.656298554287	112.34651694089774	-7696.054752592747	0.1011800787122951
1972.	Lee	97.16	0.007987720985999999	9.888347328543057	3220.4482722080056	112.34104487214432	-7694.607647569535	0.10112913379503422
1972.	Lee	97.16	0.007986921054	9.887357006938736	3220.448299540856	112.34187780559716	-7694.6885480509645	0.10113926292923593
1972.	Lee	96.81	0.00799398712	9.931894707953024	3213.1709517208023	112.25948971054896	-7654.670247157444	0.10068572305737837
1972.	Lee	96.8	0.00758068892	9.419352088476362	3212.977260100081	112.69884398609557	-7696.2708377539675	0.10616441455919248
1972.	Lee	96.76	0.007539759065999999	9.372366472073649	3212.1470112671245	112.73527628852577	-7696.11832241063	0.10669663878164046
1972.	Lee	96.55	0.007317644613999999	9.116042619866523	3207.788489539198	112.93878704593178	-7696.451399745513	0.10969672276659913
1972.	Lee	96.48	0.00724805053	9.035893932237492	3206.335508369885	113.00318135026048	-7696.211428303244	0.11066973644215601
1972.	Lee	96.48	0.007244184191999999	9.031073666803335	3206.3356423238106	113.00761889930325	-7696.6394290809685	0.11072880555451863
1972.	Lee	96.48	0.007242317684000001	9.028746642200947	3206.3357069912254	113.00976201186934	-7696.846131913929	0.11075734425041181
1972.	Lee	96.22	0.0069766069379999995	8.720987599227154	3200.9392273521357	113.2645205993101	-7697.372944713481	0.11466591238916783
1972.	Lee	95.62	0.006399589321999999	8.049875724756854	3188.4848830890082	113.85242351891631	-7698.083853789771	0.12422552026791756
1972.	Lee	95.62	0.006397989458	8.047863205835267	3188.4849395021315	113.85450284540275	-7698.282622575278	0.12425658518585775
1972.	Lee	95.61	0.006389456849999999	8.037970626662394	3188.277332727071	113.86342694842298	-7698.20491781165	0.1244095116101749
1972.	Lee	95.3	0.006104281092	7.70418874167224	3181.8423118733635	114.17562485817358	-7699.0947371105785	0.12979951991453212
1972.	Lee	95.04	0.005872167490000001	7.431506737493919	3176.4450365115763	114.44122144079824	-7700.04864922189	0.13456221400631116
1972.	Lee	95.03	0.005867367898	7.426213946607855	3176.237303288535	114.44583385303058	-7699.550287764962	0.1346581188193184
1972.	Lee	94.47	0.005400340932	6.875610343598971	3164.6114963024106	115.01273930623927	-7700.641985958014	0.1454416335461733
1972.	Lee	94.4	0.00534287915	6.807493531052024	3163.1582622572614	115.08629011013446	-7700.987524139432	0.14689694458592617
1978.	Chen	115.727	0.07268182152	75.5403774013164	3604.9403854644615	97.60411858699877	-7690.491446253144	0.013237953454844315
1978.	Chen	115.631	0.07199254678	74.88618945026994	3602.957992728278	97.66620356890124	-7690.282792147342	0.013353597069644934
1978.	Chen	115.532	0.07128594018000001	74.21479723977863	3600.9136084362067	97.73052097659412	-7690.088941031666	0.013474401833493209
1978.	Chen	115.376	0.07017536792	73.15749145280131	3597.692205216259	97.83316349444368	-7689.906866118677	0.013669140099550373
1978.	Chen	115.273	0.06946476166	72.48146700830905	3595.5647933493997	97.89933430689976	-7689.585170209855	0.013796630245982232
1978.	Chen	115.142	0.06856217172	71.62116078586851	3592.8591164413315	97.9845848521663	-7689.2819526068	0.013962353989064483
1978.	Chen	114.822	0.0663810238	69.53615038396862	3586.249681501384	98.19589101625753	-7688.798916767339	0.014381008935325639
1978.	Chen	114.475	0.06409988438	67.35031953995784	3579.0812138024744	98.42409322058215	-7688.016857623668	0.014847739503399333
1978.	Chen	114.139	0.061936068319999996	65.26851896383899	3572.139538542902	98.64886404718608	-7687.5431549388695	0.0153213220688221
1978.	Chen	113.782	0.059718923460000004	63.12969594538298	3564.762687589944	98.8872055012444	-7686.821328752645	0.01584040577140045
1978.	Chen	113.482	0.057905744259999996	61.37490168167341	3558.5629521163214	99.08898252230723	-7686.252962480148	0.016293305123103778
1978.	Chen	113.157	0.05598724068	59.5120112363472	3551.8459724480617	99.30982521412378	-7685.755919306542	0.016803330608817436
1978.	Chen	112.832	0.054128732	57.702327622324574	3545.1280428221357	99.53103649004436	-7685.157866422548	0.01733032342378348
1978.	Chen	112.522	0.05239687922	56.01010835431282	3538.719642680651	99.74451282591102	-7684.732429516509	0.0178539201116007
1978.	Chen	112.193	0.0506156973	54.264842166938315	3531.9175562104374	99.971509318485	-7684.185988758349	0.01842813799998971
1978.	Chen	111.745	0.048258564340000004	51.94528600173995	3522.6542447231495	100.28525119194788	-7683.721149721066	0.01925102501055638
1978.	Chen	111.421	0.04661737052	50.324682821875214	3515.953850506503	100.51286100903994	-7683.289635981739	0.019870964781626373
1978.	Chen	111.099	0.0450295055	48.7514760533372	3509.294181227624	100.74112111796694	-7682.943633857386	0.020512199444093483
1978.	Chen	110.731	0.04327232154	47.004790708213015	3501.682209013381	101.00342048255067	-7682.5275444399385	0.021274427243120834
1978.	Chen	110.381	0.04165245924	45.388705247438494	3494.4417707982343	101.25512332962947	-7682.199997449597	0.022031912885561653
1978.	Chen	110.037	0.04011658979999999	43.85175692049896	3487.3244862381353	101.50289577263675	-7681.749655895495	0.022804103420826446
1978.	Chen	109.695	0.038628716279999996	42.35701740868323	3480.248035819965	101.75269674822113	-7681.51403397615	0.023608838893245564
1978.	Chen	109.365	0.03723816782	40.95547955669356	3473.4191323829955	101.99514624397489	-7681.280036589317	0.024416757191567665
1978.	Chen	109.033	0.03588094986	39.58294745472364	3466.548159561702	102.24089603977062	-7681.083458342606	0.025263404175341793
1978.	Chen	108.691	0.03453306443999999	38.21586980042392	3459.469321811635	102.49419811179996	-7680.727565158014	0.026167139599918444
1978.	Chen	108.574	0.03408776896	37.76373728777756	3457.0472864300564	102.5798036039943	-7680.452310070021	0.026480429952669315
1978.	Chen	108.356	0.0332505068	36.9102955566415	3452.5347757477957	102.74495216374035	-7680.497260906453	0.027092711800842346
1978.	Chen	108.337	0.03317318004	36.8309152605481	3452.141610903611	102.76068024656446	-7680.642204968442	0.02715110371072322
1978.	Chen	108.007	0.03195461696	35.58638619610548	3445.3097675895046	103.00866602784593	-7680.347224080053	0.02810063360997972
1978.	Chen	107.661	0.030712055920000002	34.31251641241682	3438.1461376894413	103.27196958537357	-7680.217379841462	0.029143884056201885
1978.	Chen	107.339	0.029597484	33.166468301417865	3431.478626015097	103.51727230622951	-7679.961866063272	0.030150934097413384
1978.	Chen	107.006	0.0284775792	32.01081745246655	3424.5828014772574	103.77361011209977	-7679.816122178091	0.031239439651452778
1978.	Chen	106.661	0.027356341179999997	30.84991662614666	3417.4377733142846	104.0406837838238	-7679.645599752146	0.0324149984623445
1978.	Chen	106.325	0.026295098059999997	29.7468381702263	3410.4786408318782	104.30427693959676	-7679.673604770748	0.03361701819458927
1978.	Chen	105.993	0.025281850859999996	28.6901510991411	3403.601701910378	104.56619367846274	-7679.682864650923	0.03485516672757911
1978.	Chen	105.659	0.02429926772	27.66225416685612	3396.6826267183305	104.83037529364105	-7679.589996432492	0.036150343857304396
1978.	Chen	105.328	0.02335534796	26.671232013890894	3389.8251701718104	105.09476602269304	-7679.596345466402	0.03749358107938848
1978.	Chen	104.999	0.02244609192	25.713181627106476	3383.008627406663	105.36008407356412	-7679.694840233496	0.038890558722060826
1978.	Chen	104.679	0.02159416434	24.812855335946693	3376.3779049886043	105.6185268478065	-7679.6638669129325	0.04030168984829761
1978.	Chen	104.38	0.02082089674	23.992842768020495	3370.1819131991215	105.862423058355	-7679.737805631974	0.04167909612331878
1978.	Chen	103.719	0.01919303512	22.257895806019555	3356.482858241725	106.4075892893947	-7680.005895265003	0.044927876773039534
1981.	Staveley	115.76	0.07299912788	75.84851245771789	3605.619949915318	97.57377236314662	-7689.519938842534	0.01318417418611149
1968.	Larher	91.04	0.00321439342	4.246645257141489	3093.3853651132763	118.55833761162202	-7700.1656910487945	0.23547999407728304
1968.	Larher	89.6	0.0025357844399999997	3.403938076199156	3063.476599419149	120.19878725203706	-7706.334738363372	0.2937773771480009
1968.	Larher	88.03	0.00193850188	2.6485671894082303	3030.8635927306177	122.06468319045004	-7714.490468524698	0.377562632354224
1968.	Larher	85.88	0.00131855458	1.8466276475699943	2986.196415712789	124.75513458221987	-7727.774542208253	0.5415276876829583
1968.	Larher	84.03	0.000933254	1.335786881314018	2947.757054056214	127.17620011946876	-7738.859041982746	0.7486224142404339
1968.	Larher	85.93	0.0013265538999999997	1.8567497348910125	2987.23543895556	124.71694123044405	-7729.691320976499	0.5385755447858986
1968.	Larher	84.6	0.0010385783799999999	1.4765258084629511	2959.6009935078123	126.42761422330422	-7736.1751697837235	0.6772655068190039
1968.	Larher	77.08	0.00021664825	0.338050327304368	2803.323941347941	137.52446717479503	-7797.06198848526	2.9581394225352633
1968.	Larher	76.71	0.000199183068	0.31229727578565786	2795.6338951299804	138.1232932955901	-7799.803933574735	3.2020772434990437
1968.	Larher	75.93	0.00016531927999999997	0.2618651003876995	2779.4223353991893	139.46023374699263	-7809.793213009961	3.8187601116737917
1968.	Larher	74.61	0.00012065641	0.19450041702980936	2751.9868267105976	141.71420856406	-7821.3102742539195	5.141377151118081
1968.	Larher	74.29	0.00011185715799999999	0.1810925275501791	2745.335701997763	142.25447604234864	-7822.749323188319	5.522039001432066
1968.	Larher	72.76	0.00007626018399999999	0.1260584509600303	2713.5347331250396	145.00696842031047	-7837.172289136752	7.932827925333406
1968.	Larher	72.21	0.00006599438999999999	0.10991991628360753	2702.102897472657	146.05136714601892	-7844.266324141369	9.09753240186129
1968.	Larher	79.18	0.000343837438	0.5222835597063445	2846.96900990362	134.242743991104	-7782.371459311994	1.9146687300711762
1968.	Larher	78.3	0.000282909284	0.434564005174537	2828.6799676695173	135.6321353777298	-7791.316232406725	2.301156994349688
1968.	Larher	77.97	0.00026357759400000004	0.4065829345511221	2821.8214254945146	136.1328390000626	-7792.456031340366	2.4595228058551584
1968.	Larher	76.43	0.00018638415599999997	0.2933004991470502	2789.8143881709975	138.59948875561048	-7803.344537420313	3.4094725474661955
1956.	Freeman	87.2	0.0016703705683085133	2.303938554795308	3013.6209330439374	123.10562883392589	-7721.189901274401	0.4340393531410148
1956.	Freeman	88.	0.0019197213003331645	2.62380107367167	3030.2407334516456	122.13854951440054	-7717.951623815602	0.38112645430113706
1956.	Freeman	89.	0.0022763669388722596	3.0763007252126315	3051.0141157710464	120.95652228732438	-7714.116367800822	0.3250657491981317
1956.	Freeman	90.	0.002689068219148682	3.5936605177868777	3071.7858356770175	119.80334098230006	-7710.514852729989	0.2782677982659978
1956.	Freeman	91.	0.0031649805887667168	4.183200573437328	3092.5557320386483	118.67802436219299	-7707.144484920913	0.23905141110130942
1956.	Freeman	92.	0.0037119474561565476	4.852822328597273	3113.3236345089476	117.57963434435962	-7704.002725172137	0.2060656525805786
1956.	Freeman	93.	0.004338541494731099	5.6110307122031715	3134.089363593158	116.50727365671197	-7701.087086481056	0.1782203754160793
1956.	Freeman	94.	0.005054106314702529	6.4669553736488	3154.85273077079	115.460083644535	-7698.395131815501	0.15463227163662607
1956.	Freeman	95.	0.005868798361843754	7.430370850017133	3175.6135386724904	114.43724221692625	-7695.924471935503	0.13458278465302903
1956.	Freeman	96.	0.006793628900563493	8.511715568269983	3196.3715813126655	113.43796192265455	-7693.6727632621705	0.11748512881795595
1956.	Freeman	97.	0.007840505937702347	9.72210958484765	3217.1266443783193	112.46148814607788	-7691.637705791235	0.10285833452839756
1956.	Freeman	98.	0.009022275943424076	11.073370972338992	3237.8785055743306	111.50709741452417	-7689.8170410490375	0.09030673699074793
1956.	Freeman	99.	0.010352765226434791	12.578030770436753	3258.6269350250545	110.57409580923422	-7688.2085500891335	0.07950370119545164
1956.	Freeman	100.	0.011846820822468587	14.249346426202715	3279.3716957318047	109.66181747259907	-7686.810051528101	0.07017865732853043
1956.	Freeman	101.	0.013520350757485578	16.101313656652316	3300.1125440855217	108.76962320499736	-7685.619399619211	0.06210673373143354
1956.	Freeman	102.	0.015390363550281507	18.14867667474493	3320.8492304336455	107.89689914506634	-7684.634482363122	0.05510043613215973
1956.	Freeman	103.	0.017475006823153057	20.40693672796342	3341.5814996999443	107.0430555277165	-7683.853219654855	0.0490029450931609
1956.	Freeman	104.	0.019793604893840303	22.892358906715998	3362.309092055836	106.20752551463818	-7683.273561466536	0.043682697972493655
1956.	Freeman	105.	0.022366695227114507	25.621977187730145	3383.031743641501	105.38976409244904	-7682.893486065648	0.03902899423698184
1956.	Freeman	106.	0.02521606363003696	28.613597685380483	3403.7491873349054	104.58924703399533	-7682.710998268599	0.03494841896483814
1956.	Freeman	107.	0.028364778081019053	31.885800091448925	3424.4611535666554	103.80546991865721	-7682.724127729664	0.03136192277226809
1956.	Freeman	108.	0.03183722108930369	35.45793729111334	3445.1673711784674	103.03794720781357	-7682.930927265399	0.028202430158017832
1956.	Freeman	109.	0.03565912048830168	39.35013314996304	3465.867568322882	102.2862113719049	-7683.329471214752	0.0254128746194837
1956.	Freeman	110.	0.039857578573298004	43.583278473519	3486.561473401734	101.5498120657908	-7683.9178538352535	0.02294457955033363
1956.	Freeman	111.	0.04446109950133122	48.179025147066376	3507.2488160408057	100.82831534933659	-7684.694187735556	0.020755920173716715
1956.	Freeman	112.	0.04949961487848888	53.159778469567065	3527.929328097975	100.1213029503828	-7685.656602344898	0.018811214583455808
1956.	Freeman	113.	0.055004507467405955	58.54868770100303	3548.60274470214	99.42837156745156	-7686.803242419886	0.017079802114554798
1956.	Freeman	114.	0.06100863295534488	64.3696348476932	3569.2688053201255	98.74913220973012	-7688.132266589107	0.015535275326108778
1956.	Freeman	115.	0.06754633973083214	70.64722171492403	3589.9272548487456	98.08320957204238	-7689.6418459361275	0.014154838303977534
1956.	Freeman	115.76	0.07289386363117285	75.7391340598159	3605.622432983703	97.58579125471259	-7690.9087626618275	0.013203214063818552
1951.	Liang	77.3	0.00023264689	0.361980984598697	2807.896114332497	136.99132446949014	-7781.533267159089	2.762576053846116
1959.	Heastie	115.8	0.07266049000000001	75.47051460954177	3606.4607237872483	97.61969218944606	-7697.899631750605	0.013250207782120643
1967.	Leverson	39.602	3.694459277599997e-12	1.1220177479272033e-8	2024.312026618591	272.4020849679962	-8763.355342283992	8.91251499227515e7
1967.	Leverson	39.602	2.733354311800001e-12	8.301274472851291e-9	2024.3120266187443	274.9072704854223	-8862.565699144949	1.2046343043714873e8
1967.	Leverson	36.667	9.363337381999974e-13	3.071293041964249e-9	1963.3046778365103	282.214073578144	-8384.638758053296	3.255957625458132e8
1967.	Leverson	36.372	7.574289463999974e-13	2.504613274999578e-9	1957.1727637340412	283.80918138629204	-8365.534781648175	3.992632355588583e8
1967.	Leverson	36.285	5.540329032000002e-13	1.8364300571762067e-9	1955.3643687275783	286.359381005371	-8435.185771052307	5.445347597597338e8
1967.	Leverson	36.285	4.901450007999986e-13	1.6246634570706e-9	1955.36436872759	287.3780919813081	-8472.149698814173	6.155120899949834e8
1967.	Leverson	35.902	4.847054631999975e-13	1.6237726956872543e-9	1947.4032734690898	287.2503093936212	-8365.457334380702	6.158497446446805e8
1967.	Leverson	35.051	1.5878650199999953e-13	5.448527293829391e-10	1929.7142602446495	296.03045142478356	-8446.44909264544	1.835358338266063e9
1967.	Leverson	34.199	1.0744419979999966e-13	3.778640113944873e-10	1912.0044608706587	298.76648700584815	-8305.510628242342	2.646454729333848e9
1947.	Stull	73.84999999999997	0.000133322	0.21712942364354157	2736.1885133056785	140.67142780564558	-7652.396430141241	4.6055480792031505
1947.	Stull	81.84999999999997	0.00066661	0.9795434259720902	2902.453781487102	129.4275029870536	-7691.187338003231	1.0208837847159342
1947.	Stull	85.94999999999999	0.00133322	1.8656460339894068	2987.650898716605	124.6800996569725	-7728.603666800182	0.5360073571199616
1947.	Stull	90.24999999999997	0.00266644	3.553547084785395	3076.983823665828	119.93127577345611	-7746.813814888583	0.2814089629715408
1947.	Stull	94.74999999999997	0.00533288	6.769647371684236	3170.4351596196652	115.17880771709815	-7742.756871575383	0.14771818162682346
1947.	Stull	97.44999999999999	0.007999319999999999	9.873227762603623	3226.4774668223376	112.39094263521184	-7726.019892979056	0.10128399992833698
1947.	Stull	101.34999999999997	0.0133322	15.822373869197737	3307.396594282834	108.95812789105523	-7735.5096674756105	0.06320164143932622
1947.	Stull	107.24999999999997	0.0266644	29.904272131777308	3429.7090661081206	104.3684082501606	-7763.802718721601	0.03344003811874644
1947.	Stull	114.14999999999998	0.0533288	56.19221638485137	3572.578126250949	99.89669214933411	-7830.629282595539	0.017796059033357257
1947.	Stull	121.14999999999998	0.10132472	100.58715629602528	3717.2282488590386	95.78999828734382	-7887.730043652663	0.009941627110493382
1931.	Allen	114.84999999999997	0.069860728	73.16359725110466	3586.7490001059837	97.775458987943	-7642.762464659267	0.01366799935448638
1931.	Allen	115.14999999999998	0.07066066	73.80826342624844	3592.9755622731436	97.73494592921975	-7661.203461476509	0.013548618455157554
1931.	Allen	115.74999999999997	0.071860558	74.67190543816771	3605.4386149861925	97.70290212735807	-7703.672306255503	0.013391917537554374
1931.	Allen	114.14999999999998	0.063461272	66.86943593517115	3572.3313719492717	98.4482909835487	-7665.541043822811	0.014954515258203823
1931.	Allen	115.14999999999998	0.067060966	70.04801696683064	3593.06150333163	98.17040440078934	-7711.260563419261	0.014275921622071372
2006.	Lide	80.	0.00039999999999999996	0.6013661883466527	2864.0112032818274	133.1989381455301	-7791.903848360581	1.6628803204738176
2006.	Lide	90.	0.0026999999999999997	3.60827010573108	3071.78540251273	119.7696051034447	-7707.479056797293	0.27714111491035054
2006.	Lide	95.	0.006	7.596490084398689	3175.608853111816	114.25337191623208	-7678.461478930231	0.13163974268244655
2006.	Lide	100.	0.0121	14.553889571515677	3279.363528764768	109.48593013030319	-7669.229484265551	0.06871015442890004
2006.	Lide	105.	0.022799999999999997	26.11838548589583	3383.0190982904614	105.23012259974557	-7666.143774682823	0.038287205789960074
2006.	Lide	110.	0.0404	44.176452041302916	3486.547137583759	101.43730265794697	-7671.556154790408	0.02263649419072964
2006.	Lide	115.8	0.0731	75.92704407073845	3606.4503643138305	97.56946407879873	-7692.0935760110615	0.013170537747634908