Year	Author	Temperature	Pressure	Molar Density	Enthalpy	Entropy	Gibbs Energy	Volume
1981.	Staveley	24.56	43356.3144	202001.0006982379	255700.40193886423	-311.8864757319482	263360.33378284087	4.950470525113211e-6
2018.	Shakeel	8.004	0.000029800000000000003	75681.79688912175	-740.9584755612431	-48.30783126942992	-354.30259408072607	0.00001321321693068491
2018.	Shakeel	8.251	0.0000687	75438.84072506767	-729.3712190325417	-46.882047569787424	-342.54744453422575	0.000013255771037686542
2018.	Shakeel	8.502	0.00016329999999999998	75195.52645198663	-717.7607942218523	-45.49597481445829	-330.95401634932784	0.000013298663460232752
2018.	Shakeel	8.749	0.00036170000000000006	74959.3767630159	-706.4854391374312	-44.18894002418755	-319.8764028658143	0.0000133405591559479
2018.	Shakeel	8.792	0.00044820000000000005	74918.58645561454	-704.5364813186926	-43.96685357867798	-317.97990465495593	0.000013347822580614881
2018.	Shakeel	9.046	0.0009212000000000002	74679.45125601965	-693.1083486614676	-42.68611399349955	-306.9697614762708	0.000013390564381247961
2018.	Shakeel	9.468	0.0025288000000000003	74288.65399327407	-674.4090765801647	-40.667935539106566	-289.36506289590363	0.000013461005769340467
2018.	Shakeel	9.727	0.0050972000000000005	74052.60462921276	-663.0828871276013	-39.491324739368736	-278.9507713877616	0.000013503913940732794
2018.	Shakeel	8.996	0.0009170000000000001	74726.29388519019	-695.3458384872604	-42.93413990967105	-309.11031585985955	0.000013382170424996648
2018.	Shakeel	9.251	0.0018324000000000003	74488.66228710009	-683.9785434337459	-41.689433534827714	-298.3095938030547	0.000013424861842003834
2018.	Shakeel	9.518	0.0035742000000000005	74242.9331988982	-672.2064123063542	-40.43738724806757	-287.32336047924696	0.000013469295418608817
2018.	Shakeel	9.776	0.0065639	74008.33721581195	-660.9419924360416	-39.27381063320907	-277.0012196857898	0.000013511991183965543
1961.	Bigeleisen	16.42	203.98266	82990.51936516305	1952.086923950189	-37.13022526184235	2561.7652227496405	0.00001204956912728721
1961.	Bigeleisen	16.66	265.31078	85429.04280847198	2632.4973095742503	-40.012177167931185	3299.1001811919837	0.000011705621029161646
1961.	Bigeleisen	16.67	270.64365999999995	85629.32680995988	2690.5617335588067	-40.26942581476087	3361.8530618908703	0.0000116782419908466
1961.	Bigeleisen	16.69	274.64332	85773.22876189816	2734.572309086838	-40.42884817398073	3409.329785110576	0.000011658649376205084
1961.	Bigeleisen	16.7	275.97654	85819.64359174678	2749.3713429684362	-40.47319107657405	3425.2736339472226	0.0000116523438940985
1961.	Bigeleisen	16.76	294.64162	86486.25946945821	2952.5490227296127	-41.27825359834182	3644.372553037822	0.000011562530350305419
1961.	Bigeleisen	16.93	350.63686	88350.46833745237	3554.933592925732	-43.53812838440649	4292.034106473733	0.000011318559129539928
1961.	Bigeleisen	16.96	359.9694	88642.62344323726	3654.4762463526663	-43.887112568160056	4398.801675508661	0.000011281254560796646
1961.	Bigeleisen	17.1	413.2982	90239.2635178267	4217.176347669504	-45.853514239656	5001.271441167622	0.000011081650725157469
1961.	Bigeleisen	17.11	418.63108	90393.06797462779	4272.840682894034	-46.05125797805966	5060.777706898635	0.000011062795216561159
1961.	Bigeleisen	17.2	454.62802000000005	91392.793414574	4647.659543051348	-47.28725056464826	5461.000252763298	0.000010941781760229406
1961.	Bigeleisen	17.25	475.95954	91962.76121827165	4868.095560457789	-47.99787942287064	5696.058980502308	0.000010873966665991262
1961.	Bigeleisen	17.26	477.29276000000004	91995.56957450691	4882.151235130735	-48.023328802939204	5711.033890269465	0.00001087008868606551
1961.	Bigeleisen	17.26	478.62597999999997	92031.61446808085	4895.744529974853	-48.07524569678376	5725.523270701341	0.000010865831331762936
1961.	Bigeleisen	17.5	598.6157800000001	94967.26440320077	6113.685860936231	-51.81559409931341	7020.458757674215	0.000010529944252730272
1961.	Bigeleisen	17.6	654.61102	96208.73871199509	6671.24287277322	-53.42312007069991	7611.489786017538	0.00001039406620840901
1961.	Bigeleisen	17.63	671.9428800000001	96578.8521889093	6842.5619209739125	-53.90468901246899	7792.90158826374	0.000010354233637442585
1961.	Bigeleisen	17.86	813.2642	99383.54996003154	8219.13536557135	-57.59129294537009	9247.71585757566	0.00001006202737175482
1961.	Bigeleisen	17.89	834.59572	99778.55360855586	8423.847065910548	-58.12276041450584	9463.663249726058	0.000010022193786483708
1961.	Bigeleisen	17.94	870.59266	100429.7896392664	8767.695615084978	-59.00146177977421	9826.181839414126	9.957204964701195e-6
1961.	Bigeleisen	17.95	874.59232	100499.73463525774	8806.011408198689	-59.08481492917746	9866.583836177424	9.950275029374811e-6
1961.	Bigeleisen	17.96	885.25808	100689.86972389334	8907.211480740087	-59.35364088033896	9973.202870950972	9.931485687111816e-6
1961.	Bigeleisen	18.28	1133.237	104695.2094679357	11221.383315438523	-64.84841928199036	12406.812419913307	9.551535405316357e-6
1961.	Bigeleisen	18.43	1266.559	106600.60598146154	12433.827117960975	-67.53912850402556	13678.573256290165	9.380809712975794e-6
1961.	Bigeleisen	18.44	1267.89222	106616.70329364884	12446.334179569809	-67.53905674969737	13691.754386034228	9.379393369965229e-6
1961.	Bigeleisen	19.12	2151.8170800000003	116572.88099266107	20063.579902810092	-82.77978668236905	21646.32942417699	8.578324490950479e-6
1961.	Bigeleisen	19.14	2179.8147000000004	116833.74028159185	20295.53505263173	-83.19529984034575	21887.89309157595	8.5591713283321e-6
1961.	Bigeleisen	19.14	2190.48046	116934.23849658098	20383.272828557412	-83.37884356227366	21979.143894339333	8.551815215602903e-6
1961.	Bigeleisen	19.15	2193.1468999999997	116956.9561463007	20405.8537098877	-83.39032466722465	22002.778427265053	8.550154116092988e-6
1961.	Bigeleisen	19.15	2193.1468999999997	116956.9561463007	20405.8537098877	-83.39032466722465	22002.778427265053	8.550154116092988e-6
1961.	Bigeleisen	19.18	2238.47638	117372.62208793969	20779.876403804017	-84.06147003832146	22392.17539913902	8.519874415438763e-6
1961.	Bigeleisen	19.21	2271.80688	117672.34971588748	21054.6448832454	-84.52203597855356	22678.313194393417	8.498173125755008e-6
1961.	Bigeleisen	19.23	2307.80382	117995.20152986656	21349.84732861152	-85.05721144450142	22985.497504689283	8.47492090385458e-6
1961.	Bigeleisen	19.26	2362.46584	118478.30630510492	21796.675374981594	-85.86156107651878	23450.36904131535	8.440363735659789e-6
1961.	Bigeleisen	19.98	3890.33596	129439.10194475536	33715.089352341	-105.26299709558415	35818.24403431077	7.725640745149795e-6
1961.	Bigeleisen	19.99	3914.33392	129582.1908305037	33895.02615894145	-105.53121472762192	36004.59514134661	7.717109840410258e-6
1961.	Bigeleisen	19.99	3923.66646	129638.4861611289	33964.64259482372	-105.65068225862302	36076.5997331736	7.713758696295563e-6
1961.	Bigeleisen	20.	3935.66544	129708.56347695792	34054.901637265146	-105.76436951373749	36170.1890275399	7.709591203495558e-6
1961.	Bigeleisen	20.24	4587.61002	133346.24672258116	38869.01135128664	-112.79997042934296	41152.082752776536	7.4992736921980255e-6
1961.	Bigeleisen	20.46	5284.88408	136815.43590072644	43886.861223043255	-119.83207706640441	46338.6255198219	7.30911679238885e-6
1961.	Bigeleisen	20.47	5311.54848	136940.3514926465	44076.53582921338	-120.08273095414255	46534.62933184468	7.3024494905995514e-6
1961.	Bigeleisen	20.48	5339.5461	137071.07714312334	44275.47414765054	-120.3472142554668	46740.185095602494	7.295485093152407e-6
1961.	Bigeleisen	20.65	5975.49204	139913.7314170087	48742.66385933901	-126.38610065594565	51352.53683788428	7.147261315042266e-6
1961.	Bigeleisen	20.87	6824.75318	143354.8254206401	54581.595536095316	-133.9117936545167	57376.334669665084	6.9756982164063305e-6
1961.	Bigeleisen	20.88	6856.75046	143477.24010519782	54799.18797735656	-134.17601511214417	57600.783172898125	6.969746555389537e-6
1961.	Bigeleisen	21.03	7503.362160000001	145867.56280777056	59154.663868635005	-139.60055618604264	62090.46356522748	6.855533750967207e-6
1961.	Bigeleisen	21.07	7723.34346	146645.03113629553	60620.121644751525	-141.43481854226846	63600.15327143713	6.819187750525111e-6
1961.	Bigeleisen	21.08	7751.34108	146741.73067547666	60806.60506721723	-141.64239407417935	63792.42673430093	6.814694057353918e-6
1961.	Bigeleisen	21.62	10588.43324	155414.19083877222	79116.35551559096	-162.80918926839774	82636.29018757373	6.434418855852147e-6
1961.	Bigeleisen	21.63	10647.09492	155572.6806754027	79484.85852431819	-163.2141990921276	83015.1816506809	6.427863784686383e-6
1961.	Bigeleisen	21.83	11930.985779999999	158878.97936467058	87461.83714957978	-171.8617689708222	91213.57956621282	6.294098841765136e-6
1961.	Bigeleisen	21.84	12013.64542	159082.293587838	87969.69559211047	-172.4148529511579	91735.23598056375	6.286054704434126e-6
1961.	Bigeleisen	21.87	12041.643039999999	159145.95440210323	88144.79824117519	-172.4540524962084	91916.36836926725	6.283540186471647e-6
1961.	Bigeleisen	22.14	14086.80252	163835.1847675498	100522.57327733215	-185.33758299561003	104625.94736485496	6.103695011659462e-6
1961.	Bigeleisen	22.14	14120.13302	163907.6891870473	100720.96155118506	-185.56368580627725	104829.34155493605	6.100995047638218e-6
1961.	Bigeleisen	22.16	14229.45706	164140.89895819983	101373.67969572102	-186.18638300547005	105499.56994312223	6.0923268140176345e-6
1961.	Bigeleisen	22.18	14364.11228	164426.98695157949	102175.8181186516	-186.97619748275312	106322.95017881905	6.081726719802269e-6
1961.	Bigeleisen	22.18	14416.10786	164538.2751731302	102484.18941846353	-187.325367500438	106639.06606962324	6.0776132419510385e-6
1961.	Bigeleisen	22.24	14798.742	165336.56565992365	104755.2805019838	-189.52114914545234	108970.23085897867	6.048268850926015e-6
1961.	Bigeleisen	22.25	14865.403	165473.99854371377	105149.8104511195	-189.902633655718	109375.14404995923	6.04324551772904e-6
1961.	Bigeleisen	22.27	15008.05754	165766.67976346507	105992.86728309511	-190.72370657933206	110240.28422861686	6.032575433295248e-6
1961.	Bigeleisen	22.75	18607.75154	172498.7916996391	126829.69403083867	-210.13703911604432	131610.31167072867	5.79714205616718e-6
1961.	Bigeleisen	22.82	19210.366980000003	173521.73380203886	130242.74619562038	-213.2107054157548	135108.2144932079	5.762966851984337e-6
1961.	Bigeleisen	22.83	19379.685920000004	173806.13934268776	131196.8412369949	-214.12569631747084	136085.33088392275	5.753536691982631e-6
1961.	Bigeleisen	22.86	19602.33366	174174.1412921524	132451.65284830317	-215.21319963337442	137371.4265919221	5.741380394249465e-6
1961.	Bigeleisen	22.87	19715.65736	174361.0591495381	133088.57295415818	-215.79772722297875	138023.86697574772	5.735225542203005e-6
1961.	Bigeleisen	22.88	19724.9899	174374.81763480348	133142.35679783582	-215.78628531389276	138079.54700581767	5.734773022640914e-6
1961.	Bigeleisen	23.04	21235.52816	176781.1667248286	141574.614029286	-223.213350828069	146717.4496323647	5.656711167409395e-6
1961.	Bigeleisen	23.04	21238.194600000003	176785.33836854005	141589.35874733783	-223.2280376730014	146732.53273532377	5.656577684713449e-6
1961.	Bigeleisen	23.04	21250.19358	176804.10554783785	141655.70581127057	-223.2941182249353	146800.4022951731	5.65597725743665e-6
1961.	Bigeleisen	23.06	21396.84778	177029.3555995992	142469.13311303788	-223.96731134507473	147633.81931265528	5.648780659077675e-6
1961.	Bigeleisen	23.16	22460.75734	178634.56002685643	148333.91646759992	-229.06247926073297	153639.0034872785	5.598020897242153e-6
1961.	Bigeleisen	23.16	22463.42378	178638.5476693347	148348.51248554635	-229.07675397101556	153653.93010751507	5.597895935937802e-6
1961.	Bigeleisen	23.17	22474.08954	178652.7863974226	148408.4588671907	-229.06626631287716	153715.92425766008	5.597449780466602e-6
1961.	Bigeleisen	23.17	22499.42072	178690.635700036	148547.09417501892	-229.20177257824483	153857.69924565684	5.596264158345029e-6
1961.	Bigeleisen	23.17	22507.42004	178702.5809861172	148590.86783888217	-229.24454977497712	153902.4640571684	5.595890078821451e-6
1961.	Bigeleisen	23.6	27636.31738	185669.87614913643	176193.73976094736	-252.2379924338498	182146.55638238622	5.385903307205126e-6
1961.	Bigeleisen	23.61	27854.965460000003	185944.17475588736	177347.372689043	-253.2172152278215	183325.83114057186	5.377958203384578e-6
1961.	Bigeleisen	23.62	27942.95798	186053.08173973157	177812.20210584402	-253.56665803002153	183801.4465685131	5.374810192066011e-6
1961.	Bigeleisen	23.77	29986.784239999997	188521.14986680492	188522.65955770662	-262.08398722043876	194752.39593393644	5.30444462441761e-6
1961.	Bigeleisen	23.77	29990.7839	188525.8928089297	188543.43562789302	-262.1024827154711	194773.61164203976	5.304311174982719e-6
1961.	Bigeleisen	24.01	33319.83424	192269.59166865598	205711.842403441	-275.2650526145077	212320.9563167153	5.201030445434816e-6
1961.	Bigeleisen	24.01	33383.8288	192339.28654899925	206037.8896120946	-275.54535752972237	212653.73364638322	5.19914583204636e-6
1961.	Bigeleisen	24.22	36638.21882	195716.51940884805	222513.5105388063	-287.8109263310872	229484.29117454524	5.109430736968192e-6
1961.	Bigeleisen	24.22	36650.2178	195728.6394280862	222573.60325233382	-287.86102316847786	229545.59723347434	5.109114347915425e-6
1961.	Bigeleisen	24.22	36656.8839	195735.3714006011	222606.9865306157	-287.88885154056084	229579.65451492806	5.108938628947925e-6
1961.	Bigeleisen	24.36	39239.33104	198250.41375532415	235485.77795966808	-297.35648190821706	242729.3818589522	5.044125664394203e-6
1961.	Bigeleisen	24.49	41531.13622	200372.28555330876	246787.65388318626	-305.39695026906793	254266.82519527574	4.990710153545418e-6
1961.	Bigeleisen	24.5	41556.4674	200393.8595199336	246913.67142012191	-305.4131264037716	254396.2930170143	4.990172864555902e-6
1961.	Bigeleisen	24.5	41556.4674	200393.8595199336	246913.67142012191	-305.4131264037716	254396.2930170143	4.990172864555902e-6
1961.	Bigeleisen	24.5	41612.46264	200444.98648620278	247187.69064613513	-305.6323531609562	254675.68329857857	4.9889000345181145e-6
1927.	Crommelin	15.47	73.3271	76204.77400150665	432.93327368033266	-29.729162206414767	892.8434130135691	0.000013122537440767541
1927.	Crommelin	16.3	173.3186	81617.19221764337	1606.3868224175692	-35.48987905067435	2184.8718509435607	0.000012252320532337889
1927.	Crommelin	16.63	279.9762	85996.4182230532	2789.4977865686214	-40.859088206047865	3468.984423435198	0.00001162839128260261
1927.	Crommelin	17.3	493.2914	92410.86426868562	5046.8269543945025	-48.534799834242875	5886.478991526904	0.00001082123847573256
1927.	Crommelin	17.66	679.9422000000001	96742.65713449419	6922.236339925432	-54.07936509190017	7877.277927448389	0.000010336701819237544
1927.	Crommelin	18.17	1039.9116000000001	103265.27123724896	10360.255113191453	-62.85366716022378	11502.306245492719	9.683797737794432e-6
1927.	Crommelin	18.46	1306.5556	107147.80310890722	12793.003538371257	-68.3556552636459	14054.84893453816	9.332902504623259e-6
1927.	Crommelin	19.02	198.64978	81699.9008758522	1996.0091376464238	-30.98173700662547	2585.28177551244	0.000012239916931105692
1927.	Crommelin	19.45	2666.44	121014.14914051106	24253.659099746717	-90.05621763280465	26005.252532704766	8.263496517575703e-6
1927.	Crommelin	19.79	3373.0465999999997	126166.28075632043	29790.41500082851	-99.12001705196485	31752.000138286894	7.926048021748506e-6
1927.	Crommelin	19.87	3613.0262000000002	127731.9162993896	31622.28364685482	-102.06569174670008	33650.32894186175	7.828896872228157e-6
1927.	Crommelin	19.93	3759.6803999999997	128646.68689055965	32732.45256758882	-103.767144043847	34800.531748382695	7.773227777336424e-6
1927.	Crommelin	20.47	5332.88	137041.5732790283	44227.450109896934	-120.31724457175481	46690.34410628075	7.297055747921946e-6
1927.	Crommelin	21.85	12132.302	159372.98130464662	88697.1050869635	-173.22925995935358	92482.16441707537	6.274589279901012e-6
1927.	Crommelin	22.25	14798.742	165334.75609680143	104756.59937325414	-189.46186070728632	108972.12577399128	6.048335048285386e-6
1927.	Crommelin	22.87	19731.656000000003	174387.62283132735	133178.22874102634	-215.88924591163953	138115.61579502554	5.7343519211063984e-6
1927.	Crommelin	23.47	25997.79	183565.81203198587	167485.6220911063	-245.1505600263794	173239.30573492544	5.447637492681658e-6
1927.	Crommelin	24.	33330.5	192282.8350415268	205764.34086028524	-275.3888841187	212373.67407913404	5.200672227367735e-6
1927.	Crommelin	24.25	37196.837999999996	196272.64660326458	225313.16891265885	-289.89518487537987	232343.1271458868	5.094953460434803e-6
1927.	Crommelin	24.51	41996.43	200792.52804905767	249066.89953221148	-307.0485996068301	256592.6607085749	4.980265001472962e-6
1927.	Crommelin	24.53	42263.074	201030.33202950677	250372.73096966042	-307.9189068891253	257925.98175565066	4.974373717162355e-6
1935.	Keesom	20.45	5059.5699	135723.81363903245	42283.91804443442	-117.36463297360253	44684.02478874459	7.367903783337345e-6
1935.	Keesom	20.31	4647.604920000001	133649.9148760535	39309.95579733415	-113.21729952781743	41609.39915074413	7.482234470013669e-6
1935.	Keesom	19.79	3317.05136	125784.4237637459	29361.261102359746	-98.34494843344743	31307.507631857672	7.950109958592695e-6
1935.	Keesom	19.45	2618.44408	120622.17400436562	23870.958812712004	-89.3078334755147	25607.996173810763	8.290349666254627e-6
1935.	Keesom	19.15	2113.1537	116194.78188452747	19746.210341922342	-82.00449087748058	21316.596342226094	8.606238453924583e-6
1935.	Keesom	18.58	1427.87862	108729.41304087499	13874.40865341338	-70.65198347303871	15187.122506342437	9.19714336749033e-6
1935.	Keesom	18.15	1010.58076	102793.15790828242	10088.173614729876	-62.1597507560466	11216.37309095212	9.728273946912437e-6
1935.	Keesom	17.97	893.2574000000001	100830.72878800474	8983.131947690988	-59.54674361376009	10053.186930430258	9.917611545806505e-6
1935.	Keesom	17.26	505.29038	92739.4319469625	5166.700423608526	-49.09842681941165	6014.13927051157	0.000010782899776352932
1935.	Keesom	16.93	355.96974	88524.12083903758	3611.0963239836865	-43.78257341886972	4352.335291965151	0.00001129635618543209
1935.	Keesom	16.16	173.3186	81678.6612983223	1600.7495254234843	-35.83722009663051	2179.8790021850336	0.00001224309977789193
1935.	Keesom	15.92	142.65454	80229.41275041872	1246.35203367366	-34.319524202788266	1792.718858982049	0.000012464256757192592
1935.	Keesom	15.11	63.99456	75724.9162075189	310.14548359627787	-29.724994568190187	759.2901515216315	0.000013205693054312126
1935.	Keesom	15.08	61.32812	75541.25066523625	277.7961002606806	-29.53251536347235	723.1464319418436	0.000013237800422864796
1960.	Roth	16.42	203.849338	82984.58149916334	1950.6134870571743	-37.12211970569026	2560.158692624608	0.000012050431320305955
1960.	Roth	16.66	265.577424	85439.30637626945	2635.3818971327864	-40.02637035864549	3302.22122730782	0.000011704214867991338
1960.	Roth	16.67	269.97705	85603.93387052837	2683.3618466526486	-40.23426683355675	3354.0670747680397	0.000011681706141127224
1960.	Roth	16.69	274.909964	85783.29161618615	2737.448119164862	-40.44279164118246	3412.438311656197	0.000011657281752188133
1960.	Roth	16.7	276.24318400000004	85829.67907397728	2752.245947784655	-40.487097729457055	3428.380479866588	0.000011650981464559503
1960.	Roth	16.76	295.041586	86500.75277518542	2956.8353358822606	-41.298415791536	3648.996784548404	0.00001156059303436341
1960.	Roth	16.93	350.770182	88354.8291398927	3556.338721979439	-43.5442622677746	4293.543082172863	0.000011318000495668374
1960.	Roth	16.96	360.102722	88646.9160721236	3655.8776723781193	-43.89316073899852	4400.305678511534	0.000011280708278519184
1960.	Roth	17.1	412.898234	90227.42079030663	4213.032018529916	-45.83665779461139	4996.83886681777	0.000011083105238307252
1960.	Roth	17.11	418.231114	90381.31888076187	4268.702107772025	-46.0345160502376	5056.35267739159	0.000011064233321481826
1960.	Roth	17.2	454.361376	91385.35304665199	4644.925434319803	-47.27657786210074	5458.082573547936	0.000010942672612858459
1960.	Roth	17.25	476.092862	91966.37480922167	4869.455502563117	-48.00308338781766	5697.508691002971	0.000010873539400399718
1960.	Roth	17.26	476.759472	91981.13365764513	4876.712685842208	-48.00254123728323	5705.236547597717	0.000010871794684788425
1960.	Roth	17.26	478.492658	92028.01285982442	4894.385398206853	-48.07005734551646	5724.074587990468	0.00001086625657693146
1960.	Roth	17.5	599.015746	94976.62191640104	6117.656182055101	-51.829370731799784	7024.670169861598	0.000010528906796455719
1960.	Roth	17.6	655.144308	96220.50438982486	6676.477705505547	-53.44061206543349	7617.032477857178	0.000010392795239865197
1960.	Roth	17.63	672.0762020000001	96581.74386113555	6843.866334106801	-53.90900060282965	7794.282014734688	0.000010353923630099204
1960.	Roth	17.86	812.730912	99373.3681876241	8214.046633296486	-57.5757553728214	9242.349624255075	0.000010063058324760893
1960.	Roth	17.89	834.329076	99773.5519931581	8421.311666783282	-58.11510106898285	9460.990824907385	0.000010022696195767134
1960.	Roth	17.94	870.0593719999999	100420.06920230368	8762.653888889208	-58.98649028033506	9820.87152451842	9.958168799758798e-6
1960.	Roth	17.95	874.325676	100494.89005419372	8803.492168634424	-59.07734944067237	9863.930591094493	9.950754704649476e-6
1960.	Roth	17.96	885.124758	100687.46759910828	8905.953985068067	-59.34993232483433	9971.878769622092	9.931722624920367e-6
1960.	Roth	18.28	1133.5036440000001	104699.25659939791	11223.811587141709	-64.85490389234211	12409.359230293721	9.55116619238489e-6
1960.	Roth	18.43	1266.425678	106598.73528342354	12432.632720311618	-67.53607469843834	13677.322577003837	9.380974336526706e-6
1960.	Roth	18.44	1267.492254	106611.09486276266	12442.751447863902	-67.52990244317964	13688.002848916136	9.37988678652321e-6
1960.	Roth	19.12	2151.8170800000003	116572.88099266107	20063.579902810092	-82.77978668236905	21646.32942417699	8.578324490950479e-6
1960.	Roth	19.14	2180.2146660000003	116837.51560662623	20298.826490053852	-83.20219037255093	21891.316413784476	8.558894759170032e-6
1960.	Roth	19.14	2189.81385	116927.96811416857	20377.791277426288	-83.36738445805076	21973.44301595338	8.55227381547928e-6
1960.	Roth	19.15	2192.746934	116953.19746626793	20402.565428820944	-83.38345548573945	21999.358601372856	8.550428903736674e-6
1960.	Roth	19.15	2192.746934	116953.19746626793	20402.565428820944	-83.38345548573945	21999.358601372856	8.550428903736674e-6
1960.	Roth	19.18	2238.7430240000003	117375.08953372412	20782.06124996737	-84.06600097425945	22394.447148653668	8.51969531160767e-6
1960.	Roth	19.21	2271.14027	117666.24802122562	21049.195677876804	-84.51079658803086	22672.648080332874	8.498613806565937e-6
1960.	Roth	19.23	2307.6704980000004	117993.99560937693	21348.76030870873	-85.05498163297024	22984.36760551075	8.475007519115917e-6
1960.	Roth	19.26	2362.46584	118478.30630510492	21796.675374981594	-85.86156107651878	23450.36904131535	8.440363735659789e-6
1960.	Roth	19.98	3890.469282	129439.91075856095	33716.085123822864	-105.26470996723135	35819.274028968146	7.725592470974889e-6
1960.	Roth	19.99	3914.867208	129585.41052213105	33899.00501449303	-105.53804491238138	36008.71053229153	7.716918100353716e-6
1960.	Roth	19.99	3923.66646	129638.4861611289	33964.64259482372	-105.65068225862302	36076.5997331736	7.713758696295563e-6
1960.	Roth	20.	3936.065406	129710.96809231828	34057.88301251857	-105.76947803969921	36173.272573312555	7.709448281106629e-6
1960.	Roth	20.24	4587.743342000001	133346.9578131164	38869.979237155996	-112.80154798032994	41153.08256827788	7.499233701315359e-6
1960.	Roth	20.46	5284.21747	136812.25493227382	43882.1393004551	-119.82472299027022	46333.75313283602	7.3092867338165725e-6
1960.	Roth	20.47	5310.88187	136937.1831361826	44071.818041116516	-120.07539563066776	46529.76138967629	7.302618449552233e-6
1960.	Roth	20.48	5340.079388	137073.60110400437	44279.244848992574	-120.35306667209326	46744.075654437045	7.295350760072697e-6
1960.	Roth	20.65	5975.625362	139914.30864458028	48743.5881578428	-126.38748499994627	51353.48972309169	7.147231828449134e-6
1960.	Roth	20.87	6824.353214	143353.26733182967	54578.8866374448	-133.90790488477793	57373.54461239011	6.97577403440154e-6
1960.	Roth	20.88	6856.483816	143476.2052508983	54797.38353233572	-134.17342877201992	57598.924725095494	6.9697968262492715e-6
1960.	Roth	21.03	7503.362160000001	145867.56280777056	59154.663868635005	-139.60055618604264	62090.46356522748	6.855533750967207e-6
1960.	Roth	21.07	7723.476782	146645.50165198147	60621.00509404	-141.43603814370687	63601.06241772792	6.819165870994094e-6
1960.	Roth	21.08	7751.2077580000005	146741.26151182462	60805.72217758639	-141.64117678467656	63791.518184207365	6.8147158454094286e-6
1960.	Roth	21.62	10588.033274000001	155413.0948965985	79113.84961166482	-162.80606003990496	82633.71662972757	6.434464230091636e-6
1960.	Roth	21.63	10646.961598	155572.31698457027	79484.0240473659	-163.2131588838588	83014.32467402378	6.427878811493053e-6
1960.	Roth	21.83	11931.385746	158879.9748983653	87464.29018363147	-171.86471828820655	91216.09698386303	6.294059403267749e-6
1960.	Roth	21.84	12013.64542	159082.293587838	87969.69559211047	-172.4148529511579	91735.23598056375	6.286054704434126e-6
1960.	Roth	21.87	12041.643039999999	159145.95440210323	88144.79824117519	-172.4540524962084	91916.36836926725	6.283540186471647e-6
1960.	Roth	22.14	14086.13591	163833.73326855217	100518.60464738707	-185.33305850552694	104621.87856269944	6.1037490878684e-6
1960.	Roth	22.14	14119.46641	163906.2404520212	100716.99461551302	-185.55916608585312	104825.27455265382	6.101048973133644e-6
1960.	Roth	22.16	14229.857026000001	164141.76279021354	101376.0565602263	-186.18908393819748	105502.00666029677	6.092294751812072e-6
1960.	Roth	22.18	14363.712314	164426.12962998424	102173.44525063923	-186.97350937462596	106320.51768856842	6.081758430064287e-6
1960.	Roth	22.18	14416.507826	164539.12998079605	102486.56072540687	-187.32805124255637	106641.49690196676	6.077581667757168e-6
1960.	Roth	22.24	14798.875322000002	165336.84464805212	104756.06723781234	-189.5220318249034	108971.03722559818	6.048258645123365e-6
1960.	Roth	22.25	14865.936288	165475.11045097743	105152.95485231602	-189.90615627555545	109378.36682944711	6.043204910240887e-6
1960.	Roth	22.27	15008.05754	165766.67976346507	105992.86728309511	-190.72370657933206	110240.28422861686	6.032575433295248e-6
1960.	Roth	22.75	18608.284828000003	172499.71964956488	126832.71409525984	-210.14018081082398	131613.4032087061	5.797110870855392e-6
1960.	Roth	22.82	19210.366980000003	173521.73380203886	130242.74619562038	-213.2107054157548	135108.2144932079	5.762966851984337e-6
1960.	Roth	22.83	19379.285954	173805.4657744455	131194.59271980225	-214.12338767432792	136083.02966040713	5.753558989322817e-6
1960.	Roth	22.86	19601.800372	174173.25141692013	132448.66098141347	-215.21013969463715	137368.36477483288	5.7414097277560184e-6
1960.	Roth	22.87	19714.99075	174359.95195261997	133084.83700954283	-215.7939132211457	138020.04380491044	5.735261961254364e-6
1960.	Roth	22.88	19724.456612	174373.93221391554	133139.36828187673	-215.78323560055586	138076.48871241746	5.734802142175911e-6
1960.	Roth	23.04	21236.061448	176782.0010873131	141577.56299984333	-223.21628826334089	146720.46628143074	5.656684469286538e-6
1960.	Roth	23.04	21238.461244	176785.75550971497	141590.83320061758	-223.22950631192643	146734.04102604435	5.656564337532537e-6
1960.	Roth	23.04	21249.52697	176803.06315065597	141652.02004212767	-223.29044752305936	146796.63195305894	5.656010604001177e-6
1960.	Roth	23.06	21396.84778	177029.3555995992	142469.13311303788	-223.96731134507473	147633.81931265528	5.648780659077675e-6
1960.	Roth	23.16	22461.023984000003	178634.95880824895	148335.37608359478	-229.06390676605372	153640.49616429658	5.598008400323388e-6
1960.	Roth	23.16	22463.023814	178637.9495472499	148346.32310297055	-229.0746128130514	153651.69113572082	5.597914679016729e-6
1960.	Roth	23.17	22474.356184	178653.18498989998	148409.91833437473	-229.0676930522064	153717.41678239434	5.597437292016564e-6
1960.	Roth	23.17	22499.687364	178691.0339313029	148548.5533428086	-229.2031985949851	153859.19145425438	5.596251686497299e-6
1960.	Roth	23.17	22507.286718	178702.3819260169	148590.13830103882	-229.24383687773047	153901.71800149587	5.595896312193542e-6
1960.	Roth	23.6	27636.717346	185670.3825498045	176195.84844545642	-252.23992000823378	182148.71055765072	5.385888617597686e-6
1960.	Roth	23.61	27854.298850000003	185943.33606262068	177343.86324191606	-253.21401481799288	183322.24613176886	5.377982460545008e-6
1960.	Roth	23.62	27943.357946	186053.5836770465	177814.30656487195	-253.5685750243205	183803.5963069464	5.374795691846544e-6
1960.	Roth	23.77	29986.384274	188520.6755446826	188520.58192278634	-262.08213760969176	194750.2743337687	5.304457970515722e-6
1960.	Roth	23.77	29990.7839	188525.8928089297	188543.43562789302	-262.1024827154711	194773.61164203976	5.304311174982719e-6
1960.	Roth	24.01	33319.700918	192269.44635910966	205711.1630185768	-275.2644683921505	212320.2629046723	5.201034376165303e-6
1960.	Roth	24.01	33384.228766	192339.72180536322	206039.9270463862	-275.5471086716335	212655.8131255921	5.199134066607119e-6
1960.	Roth	24.22	36637.952176	195716.2500390249	222512.1751040908	-287.80981298378623	229482.92877455812	5.1094377692225594e-6
1960.	Roth	24.22	36650.617766	195729.04337405748	222575.60628050112	-287.8626929353345	229547.64070339492	5.109103803715535e-6
1960.	Roth	24.22	36656.483934	195734.96750986794	222604.98356538714	-287.88718190276387	229577.6111110721	5.108949171024258e-6
1960.	Roth	24.36	39239.864328	198250.92376427253	235488.41552939397	-297.35863291401614	242732.07182717943	5.0441126881660125e-6
1960.	Roth	24.49	41531.269542	200372.40740843923	246788.30646080314	-305.3974726716748	254267.49056653245	4.990707118478641e-6
1960.	Roth	24.5	41556.867366	200394.22490755565	246915.6289414941	-305.4146927828688	254398.2889146744	4.9901637657537906e-6
1960.	Roth	24.5	41556.867366	200394.22490755565	246915.6289414941	-305.4146927828688	254398.2889146744	4.9901637657537906e-6
1960.	Roth	24.5	41612.46264	200444.98648620278	247187.69064613513	-305.6323531609562	254675.68329857857	4.9889000345181145e-6
1970.	Furukawa	24.553	43332.316439999995	201980.8977376951	255582.40418430715	-311.85351702269764	263239.34358776547	4.950963240586553e-6
1962.	Grilly	20.301	4668.433191522793	133761.57701395146	39460.01509095855	-113.4988791167315	41764.155835907324	7.4759884140398484e-6
1962.	Grilly	20.5	5287.351059676491	136818.95115541274	43907.86081395931	-119.68713656539731	46361.44711354996	7.308929001100873e-6
1962.	Grilly	20.7	5977.9240441683405	139914.10477806392	48764.13524347036	-126.1883139008236	51376.23334121741	7.147242242561827e-6
1962.	Grilly	20.9	6743.154513974894	143029.43762392135	54031.24907911988	-132.97776621861783	56810.48439308899	6.991567726284287e-6
1962.	Grilly	21.1	7589.352513666284	146162.92744317086	59733.88244685902	-140.06076303861096	62689.164546973705	6.841680154420873e-6
1962.	Grilly	21.3	8523.198254989475	149312.80826069223	65897.55623286591	-147.44210745904942	69038.07312174366	6.697349086449792e-6
1962.	Grilly	21.5	9551.752116074875	152477.54973566797	72548.62296938803	-155.126164166799	75883.83549897422	6.558342534580206e-6
1962.	Grilly	21.7	10682.464298587982	155655.83520774645	79714.25544319744	-163.1168928832511	83253.89201876399	6.424429888319622e-6
1962.	Grilly	21.9	11923.1841213491	158846.53924255975	87422.43323658779	-171.4178849077522	91176.48491606757	6.2953842417239775e-6
1962.	Grilly	22.1	13282.16893059751	162048.70535865956	95701.9274125668	-180.03240086559427	99680.64347169644	6.17098419753936e-6
1962.	Grilly	22.3	14768.092608753179	165261.52447753635	104582.28355175487	-188.96340819455227	108796.16755449338	6.051015220641559e-6
1962.	Grilly	22.5	16390.05366522311	168484.314501675	114093.80334044671	-198.21361728769608	118553.60972941987	5.935270609360247e-6
1962.	Grilly	22.7	18157.58289449593	171716.50130130275	124267.52489877828	-207.78551553785988	128984.25610148771	5.823552147998565e-6
1962.	Grilly	22.9	20080.650588459248	174957.60128353693	135135.20202637487	-217.68139879721852	140120.10605883118	5.715670497673298e-6
1962.	Grilly	23.1	22169.673291552837	178207.20562940053	146729.2825294659	-227.9033999748839	151993.85106888574	5.61144537600572e-6
1962.	Grilly	23.3	24435.520089023263	181464.9662158333	159082.88578356677	-238.45351465735774	164638.8526750832	5.510705569529086e-6
1962.	Grilly	23.5	26889.518420173237	184730.5831869192	172229.77967048352	-249.33362374937496	178089.11982859386	5.4132888163307126e-6
1962.	Grilly	23.7	29543.45941008271	188003.79410243125	186204.3570196065	-260.54551321669686	192379.28568284222	5.3190415904860086e-6
1962.	Grilly	23.9	32409.60271482859	191284.36456669742	201041.61167096326	-272.09089106474266	207544.58396741064	5.2278188144923786e-6
1962.	Grilly	24.1	35500.680876724866	194572.08022609833	216777.1142673905	-283.9714017207134	223620.82504885967	5.139483521160751e-6
1962.	Grilly	24.3	38829.903187550066	197866.7400162171	233446.9878731159	-296.18863800523076	240644.37177664303	5.053906482302383e-6
1962.	Grilly	24.544	43233.98546356534	201895.34788828724	255102.87199580934	-311.5519116573482	262749.6021155273	4.953061130231293e-6
1998.	White	5.98	2.00967474607652e-9	77842.4510457317	-843.9045565872475	-63.192673006190354	-466.01237201022894	0.000012846460852222004
1998.	White	6.	2.2804354808636983e-9	77819.23924884127	-842.7977836507285	-63.007902624694545	-464.7503679025613	0.000012850292673799044
1998.	White	7.	5.043023297875433e-7	76710.8985178936	-789.9933793076925	-54.85881718651321	-405.98165900209983	0.000013035957332278409
1998.	White	8.	0.00002891983849673634	75685.76144573005	-741.1475192336194	-48.33145436974824	-354.4958842756335	0.000013212524798565224
1998.	White	9.	0.0006744067181765299	74722.51851063267	-695.1695268861063	-42.914184573814424	-308.94186572177654	0.000013382846562615588
1998.	White	9.13	0.0009654278303273007	74601.01568417203	-689.3607914006527	-42.27381175362034	-303.40089009009904	0.000013404643232118464
2002.	Metcalf	5.5	5.096102363180118e-11	78414.08663134827	-871.184809254479	-67.94983642726571	-497.46070890451756	0.000012752810661448442
2002.	Metcalf	6.	1.7760049382404577e-9	77819.23924879888	-842.7977836566354	-63.00790262459789	-464.750367909048	0.000012850292673806044
2002.	Metcalf	6.5	3.584162813147685e-8	77252.98493489664	-815.8128364172888	-58.68664669752138	-434.3496328833998	0.000012944483644777342
2002.	Metcalf	7.	4.7088058194204223e-7	76710.89851493957	-789.9933797011369	-54.85881718047906	-405.9816594377837	0.000013035957332780405
1978.	Ancsin	24.562	43378.97914	202020.70016596973	255810.87731539443	-311.95651684413156	263473.15328212	4.949987794213424e-6
1978.	Ancsin	20.	3827.2096082394205	129049.38060023064	33244.50791134194	-104.37034194111683	35331.91475016427	7.748971714151822e-6
1978.	Ancsin	20.5	5253.947652396879	136659.21813532125	43671.12929780604	-119.31864272530122	46117.161473674714	7.317471983556869e-6
1978.	Ancsin	21.	7107.0083212885465	144410.78823409489	56499.1406415961	-136.0195840463398	59355.551906569235	6.924690407332764e-6
1978.	Ancsin	21.5	9483.205300365882	152272.91633200124	72110.9000182048	-154.56187637313832	75433.98036022727	6.567156025433282e-6
1978.	Ancsin	22.	12494.465669723913	160224.1097201803	90924.22190186042	-175.0190573841944	94774.64116431269	6.24125795890785e-6
1978.	Ancsin	22.5	16269.096640609067	168250.49188484633	113392.50978453341	-197.45285098626394	117835.19893172436	5.943519028071656e-6
1978.	Ancsin	23.	20953.066284169163	176343.74338291385	140004.67550507243	-221.91694702536253	145108.76528665578	5.670742725635545e-6
1978.	Ancsin	23.5	26711.303715369202	184499.31493972783	171284.9675443014	-248.46045820763928	177123.7883121809	5.420074325623808e-6
1978.	Ancsin	24.	33729.026659725845	192715.01684728605	207792.81317778619	-277.1307498707913	214443.95117468518	5.1890092238760725e-6
1978.	Ancsin	24.5	42213.1065893978	200989.9837439353	250122.75977911594	-307.97559356331914	257668.16182141728	4.975372311458153e-6
1947.	Stull	15.849999999999966	133.322	79756.24751478982	1137.8000048103654	-33.80874546512965	1673.6686204326693	0.000012538202725931436
1947.	Stull	17.649999999999977	666.61	96456.82906624259	6791.332692354966	-53.676597282265774	7738.724634386956	0.000010367332304830807
1947.	Stull	18.549999999999983	1333.22	107487.90337772135	13035.543772600875	-68.6756215510047	14309.47655237201	9.303372459372638e-6
1947.	Stull	19.44999999999999	2666.44	121014.14914051107	24253.659099746732	-90.05621763280473	26005.252532704784	8.263496517575703e-6
1947.	Stull	20.549999999999983	5332.88	137025.0927186237	44234.52014547654	-119.9725322358675	46699.955682923624	7.297933394239444e-6
1947.	Stull	21.24999999999997	7999.32	147570.1461544759	62461.65901326239	-143.06334926582582	65501.755185161186	6.776438365475383e-6
1947.	Stull	22.149999999999977	13332.2	162153.60976109846	96009.15740924818	-180.09617494869	99998.28768436164	6.166991912627193e-6
1947.	Stull	23.44999999999999	26664.4	184446.60076377762	171027.6889581071	-248.5891333381122	176857.10413488583	5.421623363396698e-6
1947.	Stull	25.049999999999983	53328.8	210021.79215816915	303295.554034233	-343.8359781806777	311908.64528765896	4.761410659932336e-6
1947.	Stull	27.149999999999977	101324.72	237136.79104076218	514077.8830411308	-460.90174223794037	526591.3653428908	4.216975339891932e-6