Year	Author	Temperature	Cell Volume	Pressure					
1987	Jephcoat	298	21.2	10000					10
1987	Jephcoat	298	19.8	13500					13.5
1987	Jephcoat	298	12.62	75600					75.6
1987	Jephcoat	298	12.17	86800					86.8
1987	Jephcoat	298	11.8	96000					96
1987	Jephcoat	298	11.35	107500					107.5
1987	Jephcoat	298	11.3	111400					111.4
1987	Jephcoat	298	11.05	116100					116.1
1987	Jephcoat	298	10.8	125500					125.5
1987	Jephcoat	298	10.6	132600					132.6
1987	Jephcoat	298	10.45	137300					137.3
2024	Rosa	429	40.8526458	1391					1.391
2024	Rosa	429	40.8478282	1421					1.421
2024	Rosa	429	40.8454194	1431					1.431
2024	Rosa	429	40.8363864	1471					1.471
2024	Rosa	429	40.8219336	1521					1.521
2024	Rosa	429	40.8177182	1541					1.541
2024	Rosa	429	40.8086852	1581					1.581
2024	Rosa	429	40.802061	1601					1.601
2024	Rosa	429	40.7737576	1721					1.721
2024	Rosa	429	40.7201618	1941					1.941
2024	Rosa	429	40.7111288	1980					1.98
2024	Rosa	429	40.7063112	2000					2
2024	Rosa	429	40.6400692	2300					2.3
2024	Rosa	429	40.6171856	2400					2.4
2024	Rosa	429	40.5738272	2600					2.6
2024	Rosa	429	40.53962224	2700					2.7
2024	Rosa	429	40.4792818	3000					3
2024	Rosa	429	40.422675	3200					3.2
2024	Rosa	429	40.3064504	3700					3.7
2024	Rosa	429	40.2564678	3900					3.9
2024	Rosa	429	40.1631268	4300					4.3
2024	Rosa	429	40.1041112	4600					4.6
2024	Rosa	429	40.004146	5100					5.1
2024	Rosa	429	39.937904	5400					5.4
2024	Rosa	429	39.8993632	5600					5.6
2024	Rosa	429	39.8403476	5800					5.8
2024	Rosa	429	39.8036134	6000					6
2024	Rosa	429	39.7837408	6100					6.1
2024	Rosa	429	39.76392842	6200					6.2
2024	Rosa	429	39.6735382	6600					6.6
2024	Rosa	429	39.6265666	6900					6.9
2024	Rosa	429	39.5633356	7200					7.2
2024	Rosa	429	39.5061266	7500					7.5
2024	Rosa	429	39.4374758	7800					7.8
2024	Rosa	568	40.88161162	2311					2.311
2024	Rosa	568	40.88010612	2321					2.321
2024	Rosa	568	40.865292	2382					2.382
2024	Rosa	568	40.86246166	2392					2.392
2024	Rosa	568	40.8520436	2432					2.432
2024	Rosa	568	40.814105	2580					2.58
2024	Rosa	568	40.8074808	2613					2.613
2024	Rosa	568	40.790017	2683					2.683
2024	Rosa	568	40.774962	2744					2.744
2024	Rosa	568	40.7587026	2814					2.814
2024	Rosa	568	40.6599418	3200					3.2
2024	Rosa	568	40.5979152	3500					3.5
2024	Rosa	568	40.5696118	3592					3.592
2024	Rosa	568	40.570214	3584					3.584
2024	Rosa	568	40.546126	3700					3.7
2024	Rosa	568	40.5136072	3800					3.8
2024	Rosa	568	40.3257208	4600					4.6
2024	Rosa	568	40.1649334	5300					5.3
2024	Rosa	568	40.0679792	5800					5.8
2024	Rosa	568	39.8734686	6700					6.7
2024	Rosa	568	39.7205098	7400					7.4
2024	Rosa	568	39.4639726	8700					8.7
2024	Rosa	568	39.2839148	9600					9.6
2024	Rosa	568	39.1574528	10200					10.2
2024	Rosa	568	38.9027222	11600					11.6
2024	Rosa	568	38.495635	13900					13.9
2024	Rosa	568	38.4432436	14200					14.2
2024	Rosa	568	38.3968742	14500					14.5
2024	Rosa	568	38.2860694	15200					15.2
2024	Rosa	568	38.2017614	15700					15.7
2024	Rosa	568	38.1186578	16200					16.2
2024	Rosa	568	37.9259538	17400					17.4
2024	Rosa	568	37.75794	18500					18.5
2024	Rosa	568	37.5477722	19900					19.9
2024	Rosa	568	37.197894	22300					22.3
2024	Rosa	568	37.0840782	23200					23.2
2024	Rosa	568	36.981102	23900					23.9
2024	Rosa	568	36.9154622	24400					24.4
2024	Rosa	568	36.8010442	25300					25.3
2024	Rosa	568	36.6342348	26600					26.6
2024	Rosa	568	36.460199	28000					28
2024	Rosa	568	36.3343392	29000					29
2024	Rosa	568	36.25244	29700					29.7
2024	Rosa	568	36.1326022	30700					30.7
2024	Rosa	568	36.1103208	30900					30.9
2024	Rosa	568	35.9079816	32700					32.7
2024	Rosa	568	35.827889	33400					33.4
2024	Rosa	568	35.7038358	34500					34.5
2024	Rosa	568	35.457536	36800					36.8
2024	Rosa	568	35.1991922	39300					39.3
2024	Rosa	568	34.9920354	41400					41.4
2024	Rosa	568	34.7433268	44000					44
2024	Rosa	568	34.6800958	44700					44.7
2024	Rosa	568	34.6120472	45400					45.4
2024	Rosa	568	34.4470444	47300					47.3
2024	Rosa	568	34.2964944	49000					49
2024	Rosa	568	34.1278784	51000					51
2024	Rosa	568	34.0309242	52000					52
2024	Rosa	568	33.9484228	53000					53
2024	Rosa	568	33.8520708	54000					54
2024	Rosa	568	33.7430726	56000					56
2024	Rosa	568	33.5985446	58000					58
2024	Rosa	568	33.5130322	59000					59
2024	Rosa	728	40.9592352	3220					3.22
2024	Rosa	728	40.9544176	3240					3.24
2024	Rosa	728	40.9098548	3420					3.42
2024	Rosa	728	40.8839602	3500					3.5
2024	Rosa	728	40.8189226	3770					3.77
2024	Rosa	728	40.7466586	4060					4.06
2024	Rosa	728	40.6689748	4380					4.38
2024	Rosa	728	40.5870756	4720					4.72
2024	Rosa	728	40.3859408	5560					5.56
2024	Rosa	728	40.2775448	6030					6.03
2024	Rosa	728	40.2161204	6290					6.29
2024	Rosa	728	40.1510828	6580					6.58
2024	Rosa	728	39.92230702	7620					7.62
2024	Rosa	728	39.75850862	8380					8.38
2024	Rosa	728	39.73261402	8500					8.5
2024	Rosa	728	39.5010079	9600					9.6
2024	Rosa	728	39.3308864	10500					10.5
2024	Rosa	728	38.94210608	12500					12.5
2024	Rosa	728	38.88778764	12800					12.8
2024	Rosa	728	38.81233198	13200					13.2
2024	Rosa	728	38.67798116	14000					14
2024	Rosa	728	38.47461822	15100					15.1
2024	Rosa	728	38.38133744	15700					15.7
2024	Rosa	728	38.06674816	17600					17.6
2024	Rosa	728	37.86886524	18800					18.8
2024	Rosa	728	37.5483744	20900					20.9
2024	Rosa	728	37.38903228	22000					22
2024	Rosa	728	37.25588586	23000					23
2024	Rosa	728	37.071432	24300					24.3
2024	Rosa	728	36.72354106	26900					26.9
2024	Rosa	728	36.55841782	28200					28.2
2024	Rosa	728	36.41527488	29300					29.3
2024	Rosa	728	36.1837892	31200					31.2
2024	Rosa	728	35.9266498	33500					33.5
2024	Rosa	728	35.8652254	34000					34
2024	Rosa	728	35.70606394	35400					35.4
2024	Rosa	728	35.4653646	37700					37.7
2024	Rosa	728	35.24032246	39800					39.8
2024	Rosa	728	34.90917268	43200					43.2
2024	Rosa	728	34.79294808	44400					44.4
2024	Rosa	728	34.55562106	47000					47
2024	Rosa	728	34.4744445	47900					47.9
2024	Rosa	728	34.3482836	49300					49.3
2024	Rosa	728	34.15022002	51600					51.6
2024	Rosa	728	34.03050266	53000					53
2024	Rosa	728	33.97528092	53600					53.6
1980	Ross	0	36.38	-350					-0.35
1980	Ross	0	31.84	140					0.14
1980	Ross	0	27.69	1420					1.42
1980	Ross	0	23.92	4310					4.31
1980	Ross	0	20.51	10260					10.26
1980	Ross	0	17.44	22000					22
1980	Ross	0	16.03	31470					31.47
1980	Ross	0	14.69	44800					44.8
1980	Ross	0	13.43	63200					63.2
1980	Ross	0	12.25	88200					88.2
1980	Ross	0	11.14	122400					122.4
1980	Ross	0	10.09	164600					164.6
1980	Ray	0	34.9983	31.9					0.0319
1980	Ray	0	15.9943	33190					33.19
1980	Ray	0	11	127580					127.58
2022	Rosa	293	32.15594747	1040					1.04
2022	Rosa	293	31.01581145	1290					1.29
2022	Rosa	293	28.7855403	2030					2.03
2022	Rosa	293	27.15640158	2810					2.81
2022	Rosa	293	27.05559485	2910					2.91
2022	Rosa	293	26.45740594	3300					3.3
2022	Rosa	293	25.71902458	3850					3.85
2022	Rosa	293	25.69539259	3980					3.98
2022	Rosa	293	25.53590918	4040					4.04
2022	Rosa	293	24.95087829	4550					4.55
2022	Rosa	293	24.88824583	4640					4.64
2022	Rosa	293	24.85696894	4650					4.65
2022	Rosa	293	24.69556349	4860					4.86
2022	Rosa	293	24.66174384	4860					4.86
2022	Rosa	293	24.64552138	4860					4.86
2022	Rosa	293	24.60229627	4860					4.86
2022	Rosa	293	24.62071233	4960					4.96
2022	Rosa	293	24.27582115	5340					5.34
2022	Rosa	293	23.71499904	5980					5.98
2022	Rosa	293	23.70688283	6040					6.04
2022	Rosa	293	23.34758692	6530					6.53
2022	Rosa	293	22.98723918	7070					7.07
2022	Rosa	293	22.6551759	7640					7.64
2022	Rosa	293	22.62037298	7720					7.72
2022	Rosa	293	22.43093237	7990					7.99
2022	Rosa	293	22.0751412	8620					8.62
2022	Rosa	293	21.90661377	8820					8.82
2022	Rosa	293	21.80849782	9150					9.15
2022	Rosa	293	21.45221837	9830					9.83
2022	Rosa	293	21.13932447	10620					10.62
2022	Rosa	293	21.14082485	10710					10.71
2022	Rosa	293	20.79755846	11360					11.36
2022	Rosa	293	20.4608552	12200					12.2
2022	Rosa	293	20.24760839	12740					12.74
2022	Rosa	293	19.90465374	13700					13.7
2022	Rosa	293	19.86971744	13830					13.83
2022	Rosa	293	19.4840925	15100					15.1
2022	Rosa	293	19.40739217	15240					15.24
2022	Rosa	293	19.22993371	15900					15.9
2022	Rosa	293	19.22006517	16020					16.02
2022	Rosa	293	18.91783812	17200					17.2
2022	Rosa	293	18.90375734	17230					17.23
2022	Rosa	293	18.27961076	19700					19.7
2022	Rosa	293	17.61368696	23000					23
2022	Rosa	293	17.10881712	25900					25.9
2022	Rosa	293	17.1100614	26220					26.22
2022	Rosa	293	16.7065811	28630					28.63
2022	Rosa	293	16.32054734	31260					31.26
2022	Rosa	293	16.02250561	33760					33.76
2022	Rosa	293	15.91989272	33840					33.84
2022	Rosa	293	15.41329404	36370					36.37
2022	Rosa	293	15.61573515	36430					36.43
2022	Rosa	293	15.36283874	39300					39.3
2022	Rosa	293	15.29218552	39400					39.4
2022	Rosa	293	15.1454918	42100					42.1
2022	Rosa	293	15.00903061	42200					42.2
2022	Rosa	293	14.62348636	46600					46.6
2022	Rosa	293	14.61724392	46800					46.8
2022	Rosa	293	14.16331261	53400					53.4
2022	Rosa	293	14.14174969	53500					53.5
2022	Rosa	293	13.82399461	58440					58.44
2022	Rosa	293	13.82499466	58500					58.5
2022	Rosa	293	23.78545924	5920					5.92
2022	Rosa	293	23.76003032	5920					5.92
2022	Rosa	293	23.72380428	5920					5.92
2022	Rosa	293	22.31231637	8160					8.16
2022	Rosa	293	22.26121038	8160					8.16
2022	Rosa	293	22.23255529	8160					8.16
2022	Rosa	293	21.06611405	10500					10.5
2022	Rosa	293	21.0123886	10500					10.5
2022	Rosa	293	21.04941236	10500					10.5
2022	Rosa	293	19.40617396	15070					15.07
2022	Rosa	293	18.08196652	20600					20.6
2022	Rosa	293	16.31328605	31000					31
2022	Rosa	293	16.20820759	31000					31
2022	Rosa	293	16.25894373	31000					31
2022	Rosa	293	16.05352189	31000					31
2022	Rosa	293	16.16084543	31000					31
2022	Rosa	293	15.70504413	36500					36.5
2022	Rosa	293	15.6891935	36500					36.5
2022	Rosa	293	15.72086982	36500					36.5
2022	Rosa	293	15.84229766	36500					36.5
2022	Rosa	293	15.68649016	36500					36.5
2022	Rosa	293	15.67670121	36500					36.5
2022	Rosa	293	15.0854513	42500					42.5
2022	Rosa	293	15.07676759	42500					42.5
2022	Rosa	293	15.15244599	42500					42.5
2022	Rosa	293	15.17413368	42500					42.5
2022	Rosa	293	14.98321731	42500					42.5
2022	Rosa	293	15.07892959	42500					42.5
2022	Rosa	293	14.25956197	50600					50.6
2012	Dewaele	298	25.16407118	4330					4.33
2012	Dewaele	298	25.17780134	4700					4.7
2012	Dewaele	298	24.52947282	5460					5.46
2012	Dewaele	298	23.1286954	7050					7.05
2012	Dewaele	298	22.20359576	8490					8.49
2012	Dewaele	298	21.29126276	10500					10.5
2012	Dewaele	298	20.52664942	12300					12.3
2012	Dewaele	298	19.5808341	15100					15.1
2012	Dewaele	298	18.78490636	18200					18.2
2012	Dewaele	298	18.19571388	20800					20.8
2012	Dewaele	298	17.69901932	23400					23.4
2012	Dewaele	298	17.05346092	26900					26.9
2012	Dewaele	298	16.57483236	30000					30
2012	Dewaele	298	16.06112565	33200					33.2
2012	Dewaele	298	15.70097994	36200					36.2
2012	Dewaele	298	15.31701722	39600					39.6
2012	Dewaele	298	14.92378062	43700					43.7
2012	Dewaele	298	14.72749353	45900					45.9
2012	Dewaele	298	14.50802174	48800					48.8
2012	Dewaele	298	10.50465636	141000					141
2012	Dewaele	298	10.33116254	149000					149
2012	Dewaele	298	10.30930268	150000					150
2012	Dewaele	298	10.3054486	150000					150
2012	Dewaele	298	10.25919964	152000					152
2012	Dewaele	298	10.18838092	157000					157
2012	Dewaele	298	9.93955188	171000					171
2012	Dewaele	298	9.6884947	188000					188
2012	Dewaele	298	9.65242292	187000					187
2012	Dewaele	298	9.5406546	194000					194
2012	Dewaele	298	9.38914108	205000					205
2012	Dewaele	298	9.25171904	216000					216
2012	Dewaele	298	9.2308227	217000					217
2012	Dewaele	298	9.13681928	223000					223
2012	Dewaele	298	9.04347828	231000					231
2012	Dewaele	298	9.02770064	233000					233
2012	Dewaele	298	8.891483	245000					245
2012	Dewaele	298	8.78103952	245000					245
2012	Dewaele	298	8.62458796	254000					254
2012	Dewaele	298	8.6207941	255000					255
2012	Dewaele	298	8.52486364	259000					259
2002	Errandonea	298	29.84514722	1500					1.5
2002	Errandonea	298	25.12606809	5500					5.5
2002	Errandonea	298	20.14772304	13900					13.9
2002	Errandonea	298	18.99130911	19100					19.1
2002	Errandonea	298	17.38042288	27100					27.1
2002	Errandonea	298	16.82661649	29000					29
2002	Errandonea	298	17.03242536	36200					36.2
2002	Errandonea	298	16.00554913	41000					41
