Year	Author	Temperature	Pressure
1967	Levenson	47.16536176	1.00311E-08
1967	Levenson	48.81859012	3.67675E-08
2018	Shakeel	50.01	0.000000485
2018	Shakeel	50.012	0.000000467
1967	Levenson	50.72794603	9.55825E-08
2018	Shakeel	51.016	0.000001113
2018	Shakeel	51.02	0.000001049
1967	Levenson	51.70363477	1.53288E-07
2018	Shakeel	52.024	0.000002544
1967	Levenson	52.1975154	3.98498E-07
2018	Shakeel	52.52	0.000002776
2018	Shakeel	52.524	0.000003083
2018	Shakeel	53.018	0.000004226
2018	Shakeel	53.021	0.000004645
2018	Shakeel	53.515	0.000005796
2018	Shakeel	53.517	0.000005947
1974	Bryson	53.7	5.97283E-06
1974	Bryson	53.9	6.30613E-06
2018	Shakeel	54.016	0.000008078
2018	Shakeel	54.019	0.000008286
1967	Levenson	54.0891389	8.35805E-07
2018	Shakeel	54.519	0.000011261
2018	Shakeel	54.521	0.000011502
2018	Shakeel	55.019	0.000015278
2018	Shakeel	55.022	0.000015441
2018	Shakeel	55.521	0.000021126
2018	Shakeel	56.023	0.000029071
2018	Shakeel	56.025	0.000029729
1967	Levenson	56.48760097	4.22734E-06
2018	Shakeel	56.524	0.000039385
2018	Shakeel	56.53	0.000040238
1974	Bryson	56.7	2.37313E-05
2018	Shakeel	57.027	0.000054156
2018	Shakeel	57.029	0.000053203
1974	Bryson	57.1	3.11973E-05
1974	Bryson	58.3	7.0794E-05
1974	Bryson	59.3	0.000122523
1974	Bryson	59.5	0.000137322
1961	Podgurski	70	0.018373316
1970	Leming	70.075	0.05066236
1961	Podgurski	71	0.027030842
1970	Leming	71.372	0.06266134
1961	Podgurski	72	0.039343595
1970	Leming	72.522	0.0799932
1961	Podgurski	73	0.056679025
1961	Podgurski	74	0.080851039
1970	Leming	74.054	0.10799082
1961	Podgurski	75	0.114244461
1961	Podgurski	76	0.159968105
1970	Leming	76.034	0.1866508
1970	Leming	76.474	0.2133152
1961	Podgurski	77	0.222041569
1951	Liang	77.3	0.25864468
1961	Podgurski	78	0.305621478
1970	Leming	78.082	0.3066406
1970	Leming	78.865	0.3866338
1961	Podgurski	79	0.417273503
1970	Leming	79.587	0.4532948
1961	Podgurski	80	0.565297181
1970	Leming	80.806	0.5732846
1970	Leming	80.982	0.6399456
1961	Podgurski	81	0.760111195
1970	Leming	81.923	0.9599184
1961	Podgurski	82	1.014707439
1961	Podgurski	83	1.345182901
1970	Leming	83.02	1.199898
1970	Leming	83.646	1.4398776
1961	Podgurski	84	1.771358974
1970	Leming	84.83	1.8131792
1961	Podgurski	85	2.317498529
1970	Leming	85.963	2.3864638
1961	Podgurski	86	3.013131593
1970	Leming	86.253	2.733101
1961	Podgurski	87	3.894001127
1961	Podgurski	88	5.003140846
1970	Leming	88.013	4.2796362
1961	Podgurski	89	6.392097534
1970	Leming	89.851	6.9594084
1961	Podgurski	90	8.122310689
1970	Leming	91.759	11.2390446
1970	Leming	92.117	14.132132
1970	Leming	93.106	17.598504
1970	Leming	94.136	21.598164
1970	Leming	95.935	32.797212
1970	Leming	97.826	48.929174
1982	Tessier	101.21	82.193013
1970	Leming	101.672	102.257974
1982	Tessier	103.21	117.456682
1970	Leming	103.316	137.854948
1947	Stull	104.65	133.322
1982	Tessier	104.76	154.920164
1970	Leming	105.018	184.384326
1982	Tessier	105.24	167.719076
1982	Tessier	106.7	213.848488
1982	Tessier	106.77	215.98164
1982	Tessier	106.83	217.98147
1970	Leming	106.962	241.179498
1970	Leming	108.183	309.707006
1970	Leming	109.519	381.167598
1956	Freeman	110	395.7822977
2006	Lide	110	300
1956	Freeman	111	460.1534907
1970	Leming	111.004	479.159268
1956	Freeman	112	533.556471
1956	Freeman	113	617.0500674
1947	Stull	113.95	666.61
1956	Freeman	114	711.7913356
1982	Tessier	114.17	686.075012
1956	Freeman	115	819.0419908
1956	Freeman	116	940.1750385
1982	Tessier	116.76	989.24924
1956	Freeman	117	1076.681597
1982	Tessier	117.88	1149.23564
1956	Freeman	118	1230.177903
1970	Leming	118.619	1288.023842
1982	Tessier	118.93	1323.88746
1956	Freeman	119	1402.412486
1970	Leming	119.599	1461.609086
1982	Tessier	119.93	1510.53826
1956	Freeman	120	1595.273509
2006	Lide	120	1500
1947	Stull	120.35	1333.22
1970	Leming	120.448	1630.128094
1970	Leming	120.64	1663.19195
1956	Freeman	121	1810.796259
1970	Leming	121.485	1858.50868
1970	Leming	121.671	1896.105484
1956	Freeman	122	2051.170775
1970	Leming	122.375	2076.49015
1970	Leming	122.613	2131.552136
1956	Freeman	123	2318.749603
1970	Leming	123.358	2342.067574
1970	Leming	123.585	2401.262542
1956	Freeman	124	2616.055668
1970	Leming	124.52	2688.838096
1970	Leming	124.53	2697.903992
1956	Freeman	125	2945.790247
1960	Heastie	125.26	3053.0738
1970	Leming	125.544	3043.607938
1970	Leming	125.686	3090.003994
1956	Freeman	126	3310.841025
1947	Stull	126.05	2666.44
1970	Leming	126.279	3318.917868
1970	Leming	126.538	3426.642044
1970	Leming	126.764	3515.301174
1970	Leming	126.822	3537.432626
1956	Freeman	127	3714.290228
1970	Leming	127.543	3845.539768
1970	Leming	127.577	3854.33902
1970	Leming	127.978	4038.856668
1956	Freeman	128	4159.422818
1970	Leming	128.24	4156.713316
1956	Freeman	129	4649.734727
1970	Leming	129.176	4621.473808
1970	Leming	129.326	4696.134128
1956	Freeman	130	5188.941125
2006	Lide	130	4900
1970	Leming	130.088	5109.56565
1970	Leming	130.405	5295.416518
1956	Freeman	131	5780.984701
1970	Leming	131.117	5718.713868
1970	Leming	131.498	5965.092924
1947	Stull	131.95	5332.88
1956	Freeman	132	6430.043948
1970	Leming	132.088	6350.260182
1960	Heastie	132.56	6639.4356
1970	Leming	132.699	6785.42319
1970	Leming	132.972	6974.74043
1956	Freeman	133	7140.54143
1970	Leming	133.928	7717.610614
1956	Freeman	134	7917.152022
1970	Leming	134.006	7772.539278
1970	Leming	134.931	8550.073182
1956	Freeman	135	8764.811103
1970	Leming	135.198	8796.58556
1970	Leming	135.403	8974.970396
1947	Stull	135.45	7999.32
1956	Freeman	136	9688.722693
1970	Leming	136.4	9931.289102
1970	Leming	136.409	9934.088864
1956	Freeman	137	10694.36752
1960	Heastie	137.11	10625.7634
1970	Leming	137.31	10868.54276
1970	Leming	137.68	11272.64174
1956	Freeman	138	11787.51097
1970	Leming	138.418	12119.63641
1970	Leming	138.992	12811.44427
1956	Freeman	139	12974.211
1970	Leming	139.419	13346.33213
1956	Freeman	140	14260.82587
2006	Lide	140	14000
1947	Stull	140.35	13332.2
1956	Freeman	141	15654.02177
1960	Heastie	141.01	15532.013
1970	Leming	141.183	15755.86064
1956	Freeman	142	17160.7803
1970	Leming	142.115	17180.53953
1978	Chen 	142.826	18343.77398
1970	Leming	142.831	18482.56218
1956	Freeman	143	18788.40581
1970	Leming	143.018	18663.61346
1978	Chen 	143.181	18945.0562
1978	Chen 	143.631	19730.32278
1956	Freeman	144	20544.53256
1970	Leming	144.058	20499.19075
1978	Chen 	144.066	20514.25614
1970	Leming	144.088	20556.38589
1978	Chen 	144.527	21372.84982
1970	Leming	144.965	22225.04404
1956	Freeman	145	22437.13171
1978	Chen 	145.029	22344.7672
1970	Leming	145.211	22769.39777
1960	Heastie	145.33	22838.0586
1978	Chen 	145.542	23376.67948
1970	Leming	145.921	24169.01213
1978	Chen 	145.989	24304.6006
1956	Freeman	146	24474.51807
1970	Leming	146.271	24981.07643
1978	Chen 	146.553	25519.16402
1978	Chen 	146.8	26068.45066
1970	Leming	146.84	26181.24107
1956	Freeman	147	26665.35674
1978	Chen 	147.256	27109.69548
1970	Leming	147.35	27400.0708
1978	Chen 	147.679	28105.61082
1947	Stull	147.75	26664.4
1970	Leming	147.8	28417.98427
1978	Chen 	147.978	28825.54962
1956	Freeman	148	29018.66946
1978	Chen 	148.464	30030.7805
1960	Heastie	148.5	30010.7822
1970	Leming	148.684	30689.12454
1970	Leming	148.781	30892.97387
1970	Leming	148.949	31343.60223
1978	Chen 	148.983	31364.0005
1956	Freeman	149	31543.84076
1970	Leming	149.296	32223.26079
1978	Chen 	149.44	32578.56392
1970	Leming	149.645	33216.77633
1970	Leming	149.692	33376.36277
1978	Chen 	149.827	33639.80704
1970	Leming	149.831	33723.7999
1956	Freeman	150	34250.62388
2006	Lide	150	34200
1978	Chen 	150.296	34962.36128
1970	Leming	150.561	35816.82198
1970	Leming	150.607	35998.67319
1978	Chen 	150.764	36326.24534
1970	Leming	150.798	36507.42994
1956	Freeman	151	37149.14646
1970	Leming	151.114	37497.34579
1978	Chen 	151.202	37648.79958
1970	Leming	151.282	37987.17082
1978	Chen 	151.67	39099.34294
1970	Leming	151.727	39376.6527
1970	Leming	151.999	40275.3763
1956	Freeman	152	40249.91596
1978	Chen 	152.143	40609.8812
1960	Heastie	152.39	41169.8336
1970	Leming	152.579	42153.61664
1978	Chen 	152.645	42272.40654
1970	Leming	152.82	43012.87693
1956	Freeman	153	43563.82482
1978	Chen 	153.192	44145.58064
1970	Leming	153.341	44792.72563
1970	Leming	153.582	45684.78313
1978	Chen 	153.701	45950.76052
1956	Freeman	154	47102.15541
1931	Allen	154.05	60528.188
1970	Leming	154.058	47387.43839
1978	Chen 	154.192	47751.94074
1970	Leming	154.342	48472.81279
1978	Chen 	154.616	49351.80474
1970	Leming	154.709	49853.09546
1978	Chen 	154.994	50817.01352
1956	Freeman	155	50876.58461
2006	Lide	155	51100
1970	Leming	155.028	51119.38782
1978	Chen 	155.548	53023.49262
1970	Leming	155.706	53855.95519
1931	Allen	155.95	61994.73
1956	Freeman	156	54899.1882
1947	Stull	156.05	53328.8
1978	Chen 	156.123	55401.9571
1960	Heastie	156.14	55501.9486
1970	Leming	156.354	56576.3906
1978	Chen 	156.642	57624.43484
1931	Allen	156.95	65461.102
1931	Allen	156.95	64261.204
1970	Leming	156.972	59281.49398
1956	Freeman	157	59182.44495
1978	Chen 	157.056	59452.27946
1978	Chen 	157.113	59701.5916
1970	Leming	157.588	62114.58648
1978	Chen 	157.596	61905.40426
1978	Chen 	157.81	62897.31994
1931	Allen	157.85	66794.322
1956	Freeman	158	63739.24036
1960	Heastie	158.1	64407.8582
1970	Leming	158.17	64845.28768
1978	Chen 	158.382	65622.42162
1970	Leming	158.458	66211.9715
1978	Chen 	158.522	66301.0306
1970	Leming	158.71	67456.79902
1931	Allen	158.75	69994.05
1931	Allen	158.75	69994.05
1956	Freeman	159	68582.87021
1978	Chen 	159.312	70263.36044
1978	Chen 	159.316	70290.02484
1978	Chen 	159.428	70859.30978
1978	Chen 	159.495	71216.61274
1931	Allen	159.65	72527.168
1978	Chen 	159.68	72177.86436
1978	Chen 	159.691	72236.52604
1931	Allen	159.75	74660.32
1978	Chen 	159.844	73039.12448
1931	Allen	159.95	77726.726
1956	Freeman	160	73727.04371
2006	Lide	160	74200
1978	Chen 	160.007	73911.05036
1931	Allen	160.15	78126.692
1978	Chen 	160.163	74752.31218
1931	Allen	160.25	78393.336
1978	Chen 	160.321	75613.5723
1978	Chen 	160.337	75702.89804
1960	Heastie	160.42	76353.5094
1931	Allen	160.45	78659.98
1978	Chen 	160.484	76508.16292
1931	Allen	160.55	79193.268
1978	Chen 	160.623	77277.43086
1978	Chen 	160.659	77478.74708
1978	Chen 	160.727	77853.3819
1978	Chen 	160.842	78499.9936
1978	Chen 	160.857	78586.6529
1931	Allen	160.95	79993.2
1931	Allen	160.95	76126.862
1978	Chen 	160.963	79186.6019
1956	Freeman	161	79185.88644
1978	Chen 	161.043	79645.22958
1978	Chen 	161.067	79781.21802
1931	Allen	161.15	80526.488
1931	Allen	161.15	77460.082
1978	Chen 	161.162	80326.505
1978	Chen 	161.245	80803.79776
1978	Chen 	161.279	81001.11432
1978	Chen 	161.332	81307.75492
1960	Heastie	161.38	81659.725
1981	Staveley	161.39	81674.39042
2006	Lide	161.4	81700
1956	Freeman	161.405	81489.54818
1931	Allen	161.45	82392.996
1931	Allen	161.45	77460.082
1947	Stull	165.15	101324.72
